1000 3.12989 0
2000 3.12623 0.00366498
3000 3.08515 0.0411286
4000 3.07839 0.0298581
5000 3.12938 0.0559889
6000 3.16898 0.0604841
7000 3.16657 0.0511754
8000 3.17043 0.0444869
9000 3.17173 0.0392554
10000 3.16392 0.0359704
11000 3.15115 0.0349533
12000 3.15373 0.0320125
13000 3.15769 0.0297114
14000 3.16671 0.0289509
15000 3.16979 0.0271268
16000 3.15979 0.0272743
17000 3.162 0.0257153
18000 3.15168 0.0263508
19000 3.15249 0.0249385
20000 3.15099 0.0237061
21000 3.14235 0.0241474
22000 3.14079 0.0230766
23000 3.14393 0.0222719
24000 3.14552 0.0213832
25000 3.14821 0.0206861
26000 3.14058 0.0212886
27000 3.14772 0.0216932
28000 3.15803 0.0233087
29000 3.15507 0.0226845
30000 3.15114 0.0222648
31000 3.15389 0.0217088
32000 3.15223 0.0210849
33000 3.15133 0.0204558
34000 3.15743 0.0207596
35000 3.15643 0.0201823
36000 3.15886 0.0197644
37000 3.15671 0.0193427
38000 3.15881 0.0189428
39000 3.16307 0.0189365
40000 3.15941 0.0188168
41000 3.15643 0.0185925
42000 3.1565 0.0181446
43000 3.15154 0.0183981
44000 3.15105 0.0179818
45000 3.15225 0.0176187
46000 3.1529 0.0172437
47000 3.14943 0.0172271
48000 3.15173 0.017021
49000 3.15025 0.0167354
50000 3.1497 0.0164066
51000 3.14989 0.0160829
52000 3.15037 0.0157777
53000 3.1514 0.0155116
54000 3.15283 0.0152883
55000 3.15463 0.0151158
56000 3.15499 0.0148477
57000 3.15768 0.0148315
58000 3.15877 0.0146139
59000 3.15828 0.0143724
60000 3.15768 0.0141433
61000 3.15605 0.014005
62000 3.15598 0.0137774
63000 3.15388 0.0137193
64000 3.15617 0.0136957
65000 3.15381 0.0136877
66000 3.15796 0.0141026
67000 3.15647 0.0139703
68000 3.15663 0.0137642
69000 3.15722 0.0135761
70000 3.15736 0.0133815
71000 3.15697 0.0131974
72000 3.15629 0.0130305
73000 3.15514 0.0129023
74000 3.15561 0.0127354
75000 3.15787 0.0127659
76000 3.15646 0.0126749
77000 3.15612 0.0125139
78000 3.15578 0.012357
79000 3.1573 0.0122941
80000 3.15752 0.0121414
81000 3.1582 0.01201
82000 3.15759 0.0118785
83000 3.16022 0.0120247
84000 3.16238 0.0120755
85000 3.16261 0.0119348
86000 3.16319 0.0118097
87000 3.16215 0.0117199
88000 3.16161 0.0115982
89000 3.16037 0.0115342
90000 3.16036 0.0114053
91000 3.15916 0.011343
92000 3.15909 0.0112193
93000 3.15808 0.0111439
94000 3.156 0.0112184
95000 3.15718 0.0111621
96000 3.15784 0.011065
97000 3.15857 0.0109744
98000 3.15873 0.0108631
99000 3.15793 0.0107827
100000 3.15679 0.0107348
