10000 93.22
20000 79.1
30000 85.02
40000 90.42
50000 99.06
60000 121.22
70000 99.92
80000 88.56
90000 102.92
100000 120.98
110000 86.22
120000 116.78
130000 123.8
140000 92.56
150000 98.02
160000 102.34
170000 92.34
180000 103.16
190000 79.44
200000 123.34
210000 88.9
220000 90.88
230000 106.58
240000 94.46
250000 101.5
260000 85.52
270000 105
280000 133.22
290000 96.64
300000 95.16
310000 102.76
320000 107.68
330000 113.9
340000 115.6
350000 113.24
360000 109.42
370000 115.5
380000 104.76
390000 106.86
400000 92.06
410000 132.08
420000 100.28
430000 105.66
440000 99.08
450000 81.88
460000 102.14
470000 88.8
480000 94.56
490000 91.84
500000 108.66
510000 120.68
520000 85.96
530000 85.92
540000 86.64
550000 94
560000 88.9
570000 107.42
580000 102.5
590000 113.28
600000 118.88
610000 94.4
620000 90.5
630000 88.86
640000 89.36
650000 75.46
660000 90.92
670000 87.54
680000 84.2
690000 116.44
700000 126.02
710000 89.98
720000 97.86
730000 84.8
740000 100.22
750000 82.34
760000 78.96
770000 87.86
780000 126.68
790000 83.14
800000 108.58
810000 117.26
820000 116.42
830000 81.04
840000 97.44
850000 79.22
860000 99.66
870000 100.22
880000 95.24
890000 89.88
900000 108.24
910000 118.34
920000 97.96
930000 98.52
940000 77.62
950000 106.42
960000 93.26
970000 96.8
980000 113.86
990000 98.06
1000000 100.76
