0.698266
1.94469
1.5117
1.43239
0.492015
0.113262
0.533325
1.49815
1.87346
0.591436
1.16492
0.949344
0.682711
0.607899
0.122198
1.70696
0.634773
2.85847
0.353231
0.419057
0.227352
1.24703
0.532387
0.439354
0.681759
0.592735
1.07007
0.157359
1.32272
3.02318
0.852162
1.26347
0.765975
1.45424
1.30555
1.13528
1.17477
0.945952
2.31286
0.566661
1.86832
1.03992
2.06801
0.439707
0.596749
1.50486
0.612758
1.38234
1.04505
0.243131
0.112778
0.0414889
1.18825
1.79394
0.658161
1.02428
0.350815
1.08025
1.65997
1.07645
0.318514
0.581853
0.347493
0.881925
0.585297
0.157752
2.26548
1.15686
1.03893
1.34543
0.0207218
3.2853
1.68297
0.788354
2.05804
1.55896
0.780577
1.11874
0.933204
1.25354
0.684728
0.465752
0.545326
0.80858
0.731348
0.722805
2.05059
0.255209
0.583166
2.05559
0.259988
0.406036
0.598021
0.22361
0.485359
0.86455
0.586847
0.415201
0.785108
0.457956
0.700182
0.532166
0.841988
1.08993
1.29863
1.6572
3.20006
0.142713
1.07098
3.04485
0.799455
0.655025
0.628446
2.63963
0.827421
0.457833
2.9726
0.83471
0.779869
0.448092
1.77689
1.98729
0.490269
0.476573
1.29089
0.625362
0.720294
0.889592
1.36087
1.23624
0.607707
0.510972
0.716203
0.477665
1.2888
0.320509
1.13363
1.32117
0.177878
0.554749
1.57469
0.744684
1.59775
0.339851
2.08758
0.353294
1.09938
0.369857
1.26271
1.79363
1.98917
0.222395
1.68342
0.888135
1.57733
0.135682
0.0163582
1.27734
0.370687
1.16501
0.363332
2.41311
0.745194
0.252209
0.892203
0.142847
0.780955
0.295372
1.90834
1.31569
1.01259
3.92216
1.66056
0.210399
2.26987
1.79398
1.91695
0.742747
0.3101
1.47476
0.647648
1.43202
0.329374
0.806223
0.654885
0.809846
0.495349
0.791798
0.258503
1.3506
0.987418
1.38677
0.212319
1.19947
1.17813
1.0743
0.345064
1.01248
1.35873
0.861301
0.126833
2.76744
0.372732
1.30843
1.09274
0.557481
2.81412
1.03032
0.773795
0.582501
0.995591
1.6762
0.389265
0.833969
1.45597
1.34808
0.792178
0.298424
0.592728
0.703556
1.17023
0.829851
1.03183
0.828766
0.199048
1.32354
1.3437
0.407716
0.595229
1.59567
0.592201
0.655714
1.07953
0.852983
0.884992
0.579627
0.971592
0.0976639
0.256239
2.31183
0.584496
0.196782
1.12204
0.203052
0.207948
0.318079
3.08578
0.227814
0.964792
0.40412
0.385278
0.748181
1.34046
0.911142
1.25609
1.20388
0.577926
0.492678
0.776868
0.933957
0.287407
1.26206
0.623729
1.79059
1.32589
1.58238
1.35305
0.551585
1.32863
0.545839
0.884238
0.57358
0.984947
1.58373
0.363244
0.539509
0.715281
0.116096
0.335567
1.31382
0.299176
0.193727
1.18641
0.943095
1.65466
0.442268
0.0572684
0.677959
1.13453
0.722614
2.32318
0.681201
0.441001
0.485253
1.38393
0.353689
0.282416
1.17412
0.243038
0.18565
1.35939
2.22077
2.33895
1.62777
3.46247
1.4189
0.51003
0.765313
0.352104
0.945569
0.329434
1.07327
0.262574
1.89297
1.24809
1.18386
0.585594
0.320036
0.82441
0.515808
0.7192
0.429534
0.52387
0.930373
0.933085
0.376308
1.36493
1.27519
0.61052
1.04246
0.742694
0.454908
0.214368
0.809261
1.27694
0.806898
1.24212
1.07419
0.297492
0.6649
1.88285
0.988929
2.66128
0.472305
0.292065
0.484599
1.82829
1.25784
0.416466
1.62422
0.424246
0.236264
1.72865
1.392
1.05233
1.13797
0.248508
0.894941
1.61443
0.447281
1.17263
1.62107
1.1708
0.770561
0.173024
0.136594
0.823691
1.67022
1.09647
0.385856
0.565569
2.08975
0.329412
2.73508
1.49315
0.811869
1.22076
1.06968
0.825474
0.320073
0.884072
0.503322
0.719243
0.444859
0.623718
0.994665
2.00092
3.80365
0.450443
0.76267
1.97385
1.22134
1.00502
0.586335
1.40141
0.266541
1.28514
1.47324
2.481
2.13054
0.403841
2.12736
0.68408
0.320031
0.484008
2.87969
0.0387029
0.606026
0.443051
0.856954
1.5614
0.158045
1.65081
1.78714
0.696232
0.204996
0.973307
1.11997
0.903756
0.553193
2.08358
0.42506
0.667687
0.725668
0.647948
0.819716
0.227164
0.417615
1.034
1.09633
0.569149
2.41226
1.12137
0.821216
0.708087
1.14125
0.241697
0.661626
0.520043
0.641934
0.178017
1.13915
0.853689
0.894287
1.71307
0.622766
1.68355
0.635312
0.525105
0.132543
0.241727
0.595704
0.220148
2.98461
0.791077
1.20078
0.623721
1.67012
2.63143
1.75826
3.20082
1.82032
0.420007
1.7355
1.23279
0.256034
1.51404
0.350635
1.07291
1.09042
0.188825
1.07262
1.28509
1.34731
1.61581
0.686045
0.554465
1.24168
1.24931
0.757356
0.692778
0.873845
2.17569
1.59401
0.62308
0.275957
2.62957
0.252713
1.10524
1.11345
2.20308
1.66397
0.444119
1.15323
0.634143
0.194131
0.356433
0.264643
1.34296
2.1411
1.44246
0.828886
0.363441
1.7389
0.21545
0.10373
0.315215
1.38901
1.1934
1.68443
0.731109
2.03503
1.60206
2.32843
0.391425
3.69369
0.406062
2.1867
0.862894
0.670155
0.143958
0.226429
2.21901
0.376688
0.695584
0.723036
0.114778
0.816297
0.273505
1.08699
0.752006
1.14535
1.95681
0.564906
0.353826
0.498702
0.48493
0.257979
0.586375
0.225456
0.967048
0.664485
0.672311
0.525497
2.95979
0.893417
2.67365
0.376144
0.191538
0.999855
0.954572
0.846161
2.58983
0.175651
0.587239
0.382289
1.80224
0.859313
0.507315
0.856784
0.88125
1.00794
0.445378
1.9675
2.3352
0.534793
1.41005
0.340396
1.68438
1.71648
0.693371
0.310839
0.389487
1.35716
1.0438
0.576527
1.77549
0.140423
0.575852
0.238566
0.307538
3.49931
0.508372
1.30205
0.706141
2.25893
2.33544
0.155602
0.887548
0.757189
0.516645
0.427394
0.966215
1.02978
0.212098
1.51813
1.09256
0.29195
0.354315
0.580235
0.607023
1.70415
2.60816
0.833505
3.45579
1.02181
1.64169
0.885812
1.13161
0.542396
1.51834
1.13804
0.474304
0.309122
0.657974
1.74758
0.339349
2.0574
0.851144
1.39126
1.27356
2.58478
2.95637
0.204671
3.03646
0.984449
0.86817
0.100636
0.77672
0.443248
0.0144033
0.635656
0.881225
2.47628
1.30968
0.306892
0.63234
0.25849
1.48216
0.943449
0.732689
0.783339
1.8801
0.451978
0.409965
2.96427
0.356836
0.605518
2.16004
0.186526
1.11583
1.02754
0.80268
1.30504
0.269651
0.567161
0.788592
0.810054
0.374503
1.06766
2.6474
0.471922
2.7287
1.45231
0.515462
1.62893
0.164258
0.431435
1.1267
0.518561
1.02092
0.155182
1.24318
0.761964
1.53225
0.885323
0.362032
1.21066
2.38255
1.86364
0.921525
0.977779
1.84434
0.411328
1.26717
1.92876
0.364306
0.480025
0.392875
1.41919
1.12716
0.389909
0.152866
0.291507
0.581322
1.04217
0.911175
0.512248
0.859508
0.7341
1.88114
1.66213
0.811192
1.26198
1.03642
2.24793
2.05528
1.00701
0.654235
0.873268
1.32673
0.591185
1.08157
0.283632
0.618906
1.3589
0.249575
0.923585
1.35811
1.06972
0.546796
1.76339
0.50491
0.818041
0.294994
0.234516
1.18699
1.35682
1.16729
0.92041
0.303349
0.669531
0.566561
2.07301
1.73737
0.737892
0.804086
0.930724
1.13776
0.0618678
2.72284
1.76861
0.468513
0.514304
0.468728
1.12777
0.254244
0.803233
0.479731
1.32678
0.933519
0.780104
0.48667
0.757068
1.10622
0.480969
0.794287
1.34246
2.53213
0.225034
0.406005
1.95248
0.668908
1.78868
0.244952
1.2274
0.702132
2.48303
1.11074
0.101905
0.32148
0.215574
1.13513
0.293852
0.656745
0.184114
2.03189
1.14278
0.256792
1.71673
0.269827
0.446991
1.00152
1.17903
0.0739937
0.245357
0.533269
0.323081
0.9773
0.30465
1.37466
1.48162
0.721237
0.99397
0.200967
0.18585
0.119069
0.249462
0.670969
1.92855
1.71194
0.987295
0.30408
1.29268
1.26966
0.966416
0.104706
0.344234
0.389884
1.04218
1.38875
0.949884
1.61722
2.11611
2.13767
1.09601
2.0159
0.787259
0.965388
1.2339
1.10901
0.181953
0.245878
0.452371
0.295147
0.963427
2.04467
0.759136
0.949325
0.330431
0.925568
1.28524
1.71501
0.769928
0.135648
2.96654
2.05337
0.176042
1.82713
1.62094
0.895434
0.560561
1.96499
1.12451
0.859776
1.085
1.8442
1.44461
1.11952
2.03023
0.0644016
1.52809
0.681208
0.286188
1.30084
1.01348
0.955386
0.606989
2.53605
1.38665
1.41603
0.428332
0.811221
0.504333
1.10796
0.617975
0.542701
0.770262
0.22931
0.216516
1.64424
0.302444
0.955355
1.50481
0.7754
0.469773
2.63161
0.716146
0.477674
0.751799
2.35736
1.5801
1.81049
0.0933588
0.31269
0.446191
0.565925
1.15492
1.18967
0.454863
1.7516
0.398678
0.298218
0.941563
0.264939
0.576147
0.136559
0.0691489
2.36906
0.479405
1.4555
1.45716
0.676634
0.63483
1.86439
0.276939
0.563794
0.485153
0.203771
0.414909
2.7371
3.31104
2.39719
1.36628
1.6766
0.429435
0.833616
0.48153
1.76846
0.305954
0.978435
2.23204
3.2824
1.01713
0.85185
0.914615
0.308154
1.69983
1.57231
0.524176
1.29356
1.31385
1.0708
2.30459
0.359365
0.888697
1.83155
1.66466
0.507781
1.86468
0.404825
1.30391
1.06867
0.606399
1.80936
2.61565
0.778618
0.672194
1.2812
0.878336
0.741423
1.0147
1.44879
1.22196
0.97316
0.962048
2.18508
1.15559
0.802217
1.7833
1.20993
1.097
0.511272
0.130677
0.777143
0.350357
0.593167
0.452024
0.518515
3.08214
0.61409
1.71756
1.47566
1.3493
1.15158
0.940018
1.82817
0.388651
1.7919
0.190244
0.843086
1.41502
0.755942
1.53952
1.37495
0.131843
1.00198
1.39531
1.004
0.351426
0.312376
2.29536
3.53745
0.306771
0.863837
0.444682
2.09827
0.878069
2.19042
0.453334
0.213672
0.740309
0.525593
0.761954
0.313434
0.150197
1.53229
0.894773
0.462688
0.761711
0.489156
1.48282
1.31218
0.519053
0.983734
0.632016
1.16532
1.92845
2.62495
1.51275
1.88143
1.33169
0.306018
0.557483
1.04525
0.574121
1.26963
0.888745
0.848463
0.692827
0.612385
0.816148
1.00421
2.40363
1.42454
2.05955
1.5064
1.39729
1.19347
0.237018
0.625086
0.330358
0.450711
0.57353
0.949212
2.07521
2.83273
0.470627
1.07013
0.78334
1.79973
1.2736
0.171632
1.40345
2.19009
0.761029
0.407568
4.15293
0.9302
0.552272
0.0540866
0.747646
0.916933
1.30571
0.593879
1.68701
1.3052
2.805
1.51861
0.361733
0.940937
2.10269
0.297134
1.01772
0.386988
2.67932
0.389491
0.526191
0.411591
0.538031
0.723878
0.855213
0.928066
0.0385993
2.70374
0.907702
2.63019
0.938162
1.45455
0.558306
2.82204
1.72246
0.353
1.39564
0.698347
0.376918
0.370456
0.883567
1.76668
1.17572
1.16437
1.18895
0.280666
2.90135
1.94145
1.28738
0.639114
0.457467
0.711411
2.16623
0.178464
0.24291
0.94323
0.479048
1.40215
2.07551
0.19481
2.2035
0.909777
0.351667
0.764286
0.948563
0.289859
1.21649
1.08362
0.28949
0.806248
3.09192
1.58958
0.473334
1.18531
0.470901
0.876885
0.859146
0.385042
0.608229
0.533846
0.570516
1.30686
0.178036
0.808792
1.36975
0.452913
1.84987
1.34923
1.40794
2.31985
0.185164
0.678829
0.254353
1.10535
0.302667
1.1815
0.0502715
0.102244
0.673109
0.275337
0.602242
1.02861
0.268623
0.245159
0.390519
1.83678
1.18227
0.0756215
0.0909192
1.07896
0.788143
1.90264
1.06559
0.41462
1.24232
0.575184
1.70069
1.01206
1.38216
0.786676
0.293744
1.27361
0.742765
0.542901
0.184579
0.978247
0.56099
0.43739
1.66566
1.37801
0.550789
0.0701555
0.818119
2.14341
0.903045
1.0383
0.627602
0.493197
0.184323
0.868339
2.1552
2.12259
0.752969
1.29155
0.184192
0.382499
0.789453
0.0817783
1.01051
1.09458
0.459577
0.451924
0.52908
2.6152
0.931788
0.71153
0.73002
1.01975
0.410718
0.806062
1.05761
0.27576
0.795089
0.447326
0.837732
1.32096
0.419269
0.974456
0.112457
1.03047
1.54638
1.14136
0.492192
0.805446
0.895112
1.64616
0.462298
1.5702
1.53301
0.865298
0.121095
0.859252
1.20627
3.23227
0.568574
0.590097
0.335919
0.524997
1.37846
0.448151
1.6491
1.51151
1.26553
0.506829
0.506856
1.0662
0.605957
0.732591
0.827014
1.3206
1.33566
2.12697
0.311721
1.79502
1.834
1.20815
1.21974
0.525139
0.392074
0.754665
1.24794
1.68925
0.228639
0.355001
2.45658
1.14024
1.34413
1.81929
0.834777
0.750341
4.383
0.10331
0.555855
1.20482
0.108878
0.395072
0.251884
0.31525
0.654147
0.68896
0.627435
1.33071
0.617613
0.422515
0.426255
1.9385
1.16443
0.259982
0.120179
0.459696
0.322552
0.646812
1.10379
0.459211
2.25281
1.24595
1.23518
1.37525
0.345703
0.784242
0.672925
1.38943
0.754667
0.652079
0.878923
0.892108
1.94138
1.23969
1.62957
0.776549
0.189385
0.698189
0.220162
1.32801
0.579659
1.14921
0.442185
0.662911
1.7284
1.09056
0.260428
2.11886
0.971806
0.974757
1.2295
4.10124
0.984129
0.854608
1.06389
0.238776
0.0318029
2.06626
0.677921
2.83336
0.638574
0.700931
0.606773
0.606612
0.81243
0.651481
0.852267
0.595682
2.88908
1.64685
0.561071
0.410352
0.306531
2.40319
1.89501
1.13208
0.365273
0.324479
1.35954
0.720974
0.478358
1.32938
1.01158
1.57596
1.99545
1.34788
0.505366
1.01284
1.0086
1.06526
0.698135
1.6585
0.452027
0.126202
1.80307
1.49691
1.48676
0.242787
4.17296
1.43384
1.60927
1.1791
0.744289
1.8537
0.362993
0.647888
0.732499
0.964774
0.783299
1.36237
1.93864
0.94865
0.593205
2.10588
1.66136
0.361049
0.405151
0.526969
0.24111
0.666638
0.757351
2.3433
1.40332
2.68449
1.20425
0.427032
1.13983
0.518118
0.173625
1.36758
0.143764
1.0776
0.965638
2.08992
1.45157
0.804075
1.78942
1.60469
0.045536
1.20662
0.0811103
0.234333
1.07111
0.252917
0.854806
0.524694
0.108796
1.06109
1.74238
0.229017
1.71127
3.30319
1.74478
0.800231
0.988325
0.217427
1.91505
0.157457
0.409506
0.460733
2.09936
0.068834
0.545676
1.08956
0.904482
1.69828
3.81267
2.14904
1.56559
0.598426
0.219415
0.360816
0.417945
0.68123
0.187386
1.40612
1.95934
1.77872
0.183217
1.12568
0.292972
4.433
1.58776
0.399525
0.69403
0.273507
3.85479
0.117214
0.429396
1.51598
1.31869
0.739229
1.23931
0.273814
0.4416
3.34301
1.4085
3.43765
0.767822
1.40604
0.313076
0.950391
0.95897
0.7346
0.300049
0.914285
0.283825
0.991609
1.01152
4.47689
1.17232
1.0023
1.62468
0.920166
1.03468
3.16118
0.908523
0.894018
2.44432
0.988205
1.51881
2.97004
1.16168
0.331078
2.62193
0.722254
0.639761
0.575969
0.554678
0.348
0.062998
1.09215
1.08308
0.0122448
0.215164
1.60871
0.611395
0.24484
0.995182
1.38739
0.761088
1.21804
3.05418
0.573203
0.602561
1.33786
0.492349
0.113318
0.287333
3.08614
0.916434
0.27442
0.571513
0.72475
1.29211
1.88646
0.974083
1.58623
1.7431
1.57044
1.28327
2.20928
0.486669
0.552362
0.423894
0.992892
0.352997
0.986359
1.90059
1.28663
0.972893
0.369875
2.41941
1.16565
0.12227
0.889981
0.757741
0.262302
0.567801
1.30327
0.13024
1.39789
1.10157
1.05746
0.914768
1.24621
0.718882
1.51954
0.544523
0.107025
2.76262
0.150106
0.833699
0.689444
0.315735
1.45489
0.649018
1.13195
0.497944
0.201596
0.951168
3.563
1.10761
0.453687
0.563426
0.959539
2.28503
1.25406
0.715051
1.16374
1.2206
0.283964
0.337945
1.05323
0.353485
0.651496
0.424079
1.77078
0.751533
1.29404
0.630368
0.9931
1.37092
0.802761
0.472575
2.67463
0.456616
0.970273
0.148297
1.33122
1.3737
0.85497
0.460451
0.491621
0.337279
0.35325
0.131168
0.0632024
1.33063
0.701824
2.04971
0.801828
1.6416
0.180002
2.37777
0.522171
1.30389
0.377711
0.463882
0.29829
1.75872
0.519472
0.621236
1.88396
2.40583
3.36443
1.44423
0.164352
2.17595
1.24841
0.735824
2.34065
0.93524
0.518393
0.232225
0.292753
0.412902
1.38828
1.40901
0.15976
1.24261
0.535778
0.907779
0.438074
0.812667
2.83847
0.369987
0.351369
0.66596
0.913606
0.444813
0.560855
0.709212
0.057237
0.255545
0.824
0.837801
0.851468
0.237377
2.62283
1.62897
0.689683
2.20407
1.66038
1.52725
0.124063
1.57246
0.312757
0.374046
0.811459
1.39695
0.326656
0.65221
1.14472
0.720116
1.10146
0.937077
2.00162
2.32634
1.68944
1.48731
2.12235
0.379004
2.69018
0.488329
0.950178
1.84826
1.93732
0.738499
0.598463
0.806219
1.91455
0.131855
0.136703
1.05396
0.80981
0.891572
0.780672
0.822444
0.388869
3.36584
2.18608
0.145248
1.85567
0.397098
0.414637
1.47488
0.264804
1.19712
0.732582
0.916032
1.46909
1.3131
1.67983
1.41245
1.08674
0.86224
0.805288
0.686063
1.4865
0.414147
2.35164
0.519829
0.169315
0.173923
0.30174
0.569505
0.519494
0.840699
2.57332
2.00215
0.365062
1.963
0.478017
1.37882
1.11617
0.621376
0.764019
0.367612
0.603307
0.506779
0.293108
0.380281
1.96092
0.758778
1.6824
0.539556
1.12031
0.861009
1.22538
0.328881
1.38659
0.373881
0.138587
0.333517
0.327153
0.442038
2.24815
1.37733
0.219901
1.5086
1.07167
0.411316
1.42068
1.08369
0.489771
1.69767
1.61221
0.647443
0.608744
0.955289
0.278992
1.21207
0.676056
0.831283
0.699033
0.626308
2.92282
0.671414
0.19416
1.02437
0.41547
0.992062
0.796773
1.77985
0.996947
0.970331
1.53209
1.13281
1.36659
0.985445
0.457179
0.509343
0.758115
0.595872
1.1714
1.22732
0.203975
0.95766
2.1825
1.18519
0.687922
0.75879
0.861232
0.935045
0.238317
0.381418
1.355
2.61034
1.14137
1.52847
1.85094
3.74686
1.26996
0.820887
0.094504
0.0914929
0.876852
0.511005
0.930539
0.527839
0.504104
0.416906
1.03348
1.69481
0.518852
0.583961
1.45055
1.20594
1.51021
0.522598
0.17351
1.15856
0.126443
0.892065
0.173329
0.622616
1.0374
0.242159
1.12694
1.39919
1.73073
1.23731
1.09333
0.1225
0.415296
1.34863
1.07378
1.57563
2.58502
0.139027
0.372756
0.623555
1.25696
0.100107
1.02396
1.08087
0.811161
0.0939563
0.341698
1.12557
0.647761
0.484962
0.380682
0.592917
0.668084
0.91924
1.01414
0.14687
0.532316
1.54009
1.06607
0.665049
0.255177
1.33098
0.228597
1.56871
0.836374
1.01369
0.582919
0.530426
0.872895
1.35083
0.395055
0.434529
1.14278
0.63228
0.164985
1.44179
0.435936
0.753458
0.0326361
0.529231
1.98553
0.33531
1.60095
1.34727
0.906966
0.483329
0.830472
0.319266
0.843408
0.919838
0.379162
0.254947
0.995322
0.63859
0.86039
0.55617
0.576835
1.9593
1.93691
1.00598
0.3739
0.367542
0.444421
0.80041
3.37456
1.33812
0.196055
0.890103
1.14638
1.34326
1.89665
0.267533
1.20831
1.97379
1.17652
0.504303
0.476158
1.9839
0.726105
2.5473
1.68947
1.31732
0.66635
1.59525
0.387574
2.9632
1.75886
0.810471
0.00459496
0.271272
1.58262
1.80867
0.332955
1.20581
1.29525
0.0770065
1.01666
0.620517
0.749234
0.479634
0.640114
0.786005
0.76179
2.24362
0.622488
0.472407
1.01499
0.959714
0.670203
0.592328
0.841878
0.965053
0.32604
0.835182
0.854101
0.891443
0.939891
1.48699
0.470078
0.401782
0.543738
0.606791
2.08743
0.652765
1.72959
0.279777
2.74178
1.35533
1.82763
0.868538
0.609549
0.72803
0.258869
0.756741
0.784565
0.367432
1.28555
1.20227
0.706899
1.05492
1.2244
0.557716
0.755247
0.762855
0.0583872
2.18856
0.81004
2.33762
0.379959
2.71237
0.613128
1.7519
2.75312
0.295
1.75853
1.05113
1.70047
2.15803
0.328589
0.609964
0.884818
1.79922
2.10037
2.04197
1.60984
0.52836
0.890188
1.46999
0.226541
0.710397
1.78365
1.53866
1.877
0.508081
0.483662
1.17673
0.848334
0.994711
0.782207
0.286386
1.74774
0.795305
0.597209
0.920186
0.264548
0.784854
1.59087
0.621001
0.753006
0.0979181
1.75046
0.550653
2.5693
0.977987
0.443765
0.560335
0.855587
1.60199
1.06525
1.0591
1.52383
0.258281
1.4603
0.684389
0.732268
1.63716
0.499761
0.227045
1.56265
0.353753
0.969155
1.10467
0.860481
1.3833
0.243866
0.606344
1.09777
0.316273
0.848065
1.97308
1.13111
0.800622
0.133947
0.42837
1.51612
1.99613
0.613041
0.332076
1.56788
0.192226
1.00943
0.786788
0.493863
0.971701
0.349372
1.24716
0.95343
0.314147
0.991642
0.785154
0.680063
0.920104
0.148639
0.66548
0.573519
1.93323
1.8029
0.561123
0.61711
1.04876
0.375255
0.61166
1.15898
0.266801
2.94833
0.563687
0.330247
1.31407
0.707584
0.586991
0.868594
2.62451
2.55947
0.807501
0.11494
1.71606
1.29974
1.61796
0.103576
1.28092
1.34566
1.34846
1.7618
1.74532
1.0836
1.78311
0.310726
0.428061
0.766574
1.48455
0.362664
1.32052
0.791832
0.0923923
1.32267
1.8506
0.519018
0.553731
1.5543
2.57095
0.494159
2.8017
0.459629
0.215017
0.948582
0.194123
0.84714
1.31162
1.1284
0.80692
1.66019
1.67437
1.49688
0.964749
0.413626
0.803695
0.731376
0.607342
0.43702
0.887948
0.524633
2.36722
0.396366
0.827719
0.723759
1.37561
1.49388
0.152327
0.812033
2.32235
0.69468
0.486851
1.42568
0.979498
1.16047
0.40303
0.163099
0.476984
0.980559
0.734154
1.62776
0.306091
0.781071
0.59009
2.56942
4.68492
0.773669
1.27244
0.426859
0.808544
0.422425
0.608068
0.0794838
0.961117
0.209648
0.150894
4.4584
0.800602
0.691811
2.01462
1.09141
1.07657
0.887369
1.42672
0.558828
1.07092
0.756966
0.837295
1.69482
0.812572
0.125345
1.02389
0.111964
0.415091
1.54227
0.206349
0.335132
1.15242
1.4203
3.31522
0.703589
1.15658
0.151469
1.04748
1.64041
2.46005
1.29456
1.01982
1.09451
0.575525
1.90687
0.241185
0.300259
1.35472
1.61719
0.370962
1.07209
0.975317
0.563064
1.09195
0.24422
1.08328
0.837099
2.23756
0.290405
1.06314
0.551517
1.98144
0.794472
1.51705
1.46368
0.640362
1.06482
0.729091
1.49109
0.102457
0.237991
0.224064
1.28324
0.996529
0.453145
0.697531
1.18997
1.68698
1.63171
0.734047
0.025204
0.481926
0.357646
1.12849
1.71903
0.65575
1.14807
2.21371
0.587858
0.388218
1.75897
0.906477
1.53411
1.2682
1.78114
1.07087
0.597005
0.877023
0.789697
1.19557
0.384083
2.13965
0.582743
2.17454
0.305104
0.691747
1.2136
1.97039
1.52834
0.280904
2.84476
0.721576
0.294039
1.38945
1.92457
1.91983
0.930505
1.52664
2.11666
0.546832
1.13001
0.411183
0.195238
1.23126
1.40503
2.54077
1.41671
0.272923
0.367459
0.286337
0.845623
0.627812
0.45386
1.151
0.8108
0.901878
0.738243
3.63248
0.887077
0.109093
1.52111
0.886887
0.218119
0.490579
0.74178
0.148282
1.27215
1.62911
0.496363
0.699856
1.57789
1.14443
2.65185
0.841344
1.54691
0.351231
2.80165
0.801317
0.0919744
0.483762
0.188045
0.301628
0.240915
0.116493
1.80596
0.0995589
2.30624
0.427678
3.41357
1.31089
1.4155
1.28847
1.55392
1.25894
0.184313
0.300142
1.07733
0.942828
1.01979
0.329374
0.658234
0.56899
0.466035
0.578181
0.456036
1.27739
1.78169
1.26838
0.804378
0.650666
1.02372
0.388987
0.602859
1.64702
0.719964
2.04208
0.0722135
1.34071
0.735815
1.82143
2.39888
0.664123
0.688024
0.327287
0.748187
2.97516
0.776947
0.887777
1.61331
2.12852
1.2
0.194271
0.495473
1.7152
0.0265427
0.523021
1.2439
0.164511
0.206927
0.701207
0.530504
0.602293
0.222941
1.42274
0.561808
0.340976
1.13996
1.44291
0.711796
0.794078
0.780675
0.775159
0.0935026
0.637004
1.01025
0.275332
0.979585
0.210675
0.260054
0.0587844
0.555675
0.465575
0.569726
0.555343
0.406233
0.836338
0.873021
0.376479
1.34233
0.703451
0.441297
0.894229
0.528187
1.85617
1.45806
0.496305
0.322363
0.743374
0.896152
0.732066
1.71849
0.298602
0.107355
1.47103
0.793501
3.62329
0.841189
1.45485
0.945491
0.906344
1.11993
0.949846
1.4876
2.5463
0.77074
0.851677
1.35402
0.109403
0.456807
2.792
0.153541
1.17148
0.494544
0.452253
0.981345
0.785205
2.69359
1.18757
1.11903
0.461865
0.0516511
0.500757
1.16414
1.66455
1.31153
1.78668
1.52897
1.17896
0.489299
0.569731
0.43193
1.2266
1.25567
0.104933
1.79464
1.07861
0.441438
1.26983
1.97284
1.95285
1.76188
1.30673
2.87351
2.19304
0.739166
1.22937
1.2389
0.543646
1.52062
2.27626
0.753128
0.711931
1.00658
0.733902
0.680913
0.180201
0.347256
1.17272
2.02528
0.229782
0.85069
0.735007
1.30223
2.49202
0.397569
0.773949
1.08135
0.256164
2.14028
0.450572
3.91262
0.31029
1.44363
0.767186
0.466241
1.23821
0.967923
1.46941
0.734374
1.00042
0.79817
0.144902
0.537063
0.459752
1.93145
2.49258
0.550832
1.61185
0.201372
0.766091
0.980062
1.09468
0.562331
1.41884
0.515857
0.233446
0.57636
1.7461
0.415191
0.419836
1.87948
0.378935
1.06754
1.44701
0.946486
0.286143
1.85278
0.284086
0.765651
0.564975
0.632353
3.31681
0.597775
1.63631
2.14932
0.765465
0.389001
0.577338
0.297996
1.25461
0.257684
1.52408
1.01064
0.771337
0.402996
0.665721
0.971895
1.69149
0.550563
0.23523
0.850099
0.411291
0.941326
0.296715
2.01763
0.214694
0.795695
0.194594
0.762381
1.00325
0.583221
2.08986
0.819016
1.73162
1.00784
1.40159
0.657556
1.30501
0.15934
0.889423
0.169954
0.155658
0.630974
0.330898
0.930962
0.340588
0.0248148
0.349143
1.22727
0.306304
0.905002
1.59439
0.823638
1.53438
0.771898
1.17889
1.38904
1.5959
0.780172
0.797287
0.989873
1.59092
1.48137
0.397751
0.489668
0.957733
0.840623
1.40646
0.0829332
0.104836
0.170158
1.04563
2.22383
0.710469
0.405677
1.00779
2.99652
2.02123
0.478888
0.554053
0.599325
0.579249
0.619477
0.151834
0.203665
0.531591
0.466794
1.20126
0.405754
0.786623
1.14163
0.80111
1.2914
0.83955
2.03145
0.60923
0.262062
1.50204
3.69951
0.37238
0.255322
4.17014
0.200068
0.711141
0.143921
0.491717
1.02197
0.464817
0.700129
0.918632
0.964215
0.230383
0.691844
1.11791
2.19311
0.310485
1.35142
0.852952
0.256951
0.274089
2.52321
0.944072
1.64496
2.05487
1.05987
1.56131
0.688452
1.29639
1.62657
0.542982
0.711443
1.03864
1.09981
0.109401
0.614029
1.21053
1.81719
1.39555
0.199853
0.499329
0.418648
0.250088
0.600152
1.17119
0.100898
0.470944
0.785144
0.480934
0.762116
1.17343
0.998278
0.648654
0.209783
0.385869
0.767831
0.681444
1.58948
0.987425
0.514236
0.986336
0.260092
0.228969
0.0960884
1.97291
0.60378
0.406706
0.417489
1.00922
2.40312
0.442633
2.622
1.0474
0.276758
1.88799
0.778951
2.55718
0.9591
0.330151
1.47163
2.38158
1.12353
1.44053
0.532279
1.2081
0.347034
2.04973
1.40586
0.629605
1.25672
1.76735
0.534576
1.60517
0.0718418
2.94785
0.556105
1.34796
0.126398
1.52636
1.9023
0.187646
1.2499
0.963658
1.84311
0.757923
0.444836
3.43045
0.506764
0.739424
3.27072
0.64836
1.90505
0.897367
2.99159
0.554246
0.469208
0.414441
1.70662
0.781816
0.456604
0.768918
0.342141
0.391467
0.285687
1.24596
1.1401
1.99504
1.27671
0.121869
0.700687
0.705015
1.7589
0.387153
1.68415
0.461955
0.401093
1.62502
1.2373
1.46616
2.62463
0.969766
0.583632
0.672479
1.5213
1.13835
2.30853
0.632643
0.355787
1.37218
0.716583
2.03781
1.34915
0.583519
0.120326
0.792863
0.255578
0.324009
1.25207
1.42335
1.35797
0.557732
2.13759
0.9577
0.995808
0.414608
0.366044
0.637607
0.975311
0.543385
0.887449
1.45521
2.73195
0.367647
1.72068
0.711186
1.40934
1.23262
2.45356
0.4244
1.49152
1.23227
1.70045
1.90029
1.30021
1.04111
0.652023
1.07156
0.783058
0.162425
0.352627
0.462786
2.80727
0.833321
2.40162
0.38078
0.888642
1.58183
0.621804
2.98549
1.29855
0.40717
1.36332
0.217092
2.27359
0.739772
0.139328
0.336385
0.552301
1.908
2.34771
1.32395
0.733663
1.16936
0.359383
0.0797341
1.25668
1.73196
0.628819
0.799766
0.418513
1.20369
0.285652
2.06217
0.906568
2.61396
0.549176
1.31482
0.232854
0.227769
1.69472
0.893547
2.15233
1.0311
0.816522
1.07189
1.43772
0.35474
1.2407
0.396543
0.678134
0.871375
0.958609
0.525573
0.627621
0.367555
0.477647
0.575381
0.857548
1.43455
0.352666
1.04155
0.760621
2.43981
0.620196
1.08816
1.96791
0.730035
0.311452
0.160229
0.45773
0.189481
1.95825
0.635288
2.3219
0.207959
1.08299
1.93796
1.58398
0.918767
0.577423
0.94735
0.307919
1.27668
0.410291
0.96408
0.825282
2.36133
0.92712
0.463324
0.186722
1.03022
0.687591
0.342728
1.09246
0.938466
1.11384
0.292568
1.96117
0.654783
2.22624
0.639783
0.517482
0.354134
1.42365
0.357402
0.517748
0.9559
0.691433
0.252042
1.55683
1.10238
3.14548
1.26543
1.23132
0.728899
0.352839
1.2781
0.178804
0.457245
0.999493
1.96097
1.01398
1.28888
0.894211
0.415172
0.490318
0.733759
0.239087
3.19884
2.37002
0.475229
0.183998
2.42643
0.630747
0.857427
0.0961573
1.21461
1.45891
1.77444
0.789253
1.11449
0.792633
0.145722
1.34721
1.5762
0.873136
1.31124
2.28449
1.20276
0.477463
0.0547615
0.750506
1.081
0.33321
0.0326
0.502808
0.227934
0.900024
0.777011
0.748428
1.5819
0.836178
0.217084
1.12119
1.58855
0.475525
0.8512
1.17666
1.3677
0.937838
1.03486
0.313562
0.30379
2.09288
1.38097
0.464289
1.29377
2.13206
1.59223
0.730671
0.0885305
1.66469
1.71616
0.908826
0.611066
0.518048
0.400582
2.00714
0.324949
0.945745
0.461996
1.73429
0.897821
0.472624
1.85017
0.38939
0.236961
0.553248
0.836709
0.0740878
2.01485
0.53601
1.06196
0.266881
1.55889
1.00732
0.458036
0.610608
1.11592
1.70882
0.479201
1.12803
0.73381
0.615002
0.444176
1.5234
2.26765
0.455925
1.79073
0.358811
2.33335
0.205803
1.52348
1.66072
1.1999
2.22012
0.86598
0.317639
0.306983
0.481468
0.0748904
0.561672
0.258115
0.0925876
0.832778
0.493274
1.12831
0.652342
2.20502
0.285559
0.716693
0.28069
0.441688
0.526167
1.65034
0.531506
0.713013
0.888152
0.68341
0.49484
1.00688
2.02733
0.0546279
0.13214
0.339419
1.69486
0.424495
4.13847
1.41715
1.53301
2.73488
1.39892
1.40767
0.432393
1.99444
0.118505
1.20914
0.664819
0.425176
0.462347
0.713632
1.0099
0.569269
0.177099
0.807474
0.981572
2.21524
1.6193
0.263441
0.740552
0.624188
0.954923
2.06084
0.0646642
0.961745
0.261884
0.0783487
1.8013
1.32951
0.755447
1.757
0.0880853
1.56257
0.172808
1.43177
1.37576
1.75702
0.872734
1.48184
2.31959
0.436715
0.795507
0.30759
0.70944
0.62459
0.49507
0.450664
0.965265
1.75962
0.0672952
0.583857
0.297095
0.636371
0.33016
0.623192
0.89614
1.51226
0.494134
0.687446
1.70224
0.138149
1.76664
0.358275
0.443507
0.291898
0.689868
1.2526
0.90198
0.739981
0.640629
1.62273
1.11316
0.473879
0.902192
4.03385
0.215383
1.73791
2.83487
0.150641
1.72465
2.99063
1.03694
0.266781
0.610819
0.422847
1.99903
1.7137
1.10888
1.52398
0.674961
0.306832
1.25714
0.785877
2.59029
0.59703
0.133434
1.51716
0.532246
1.07811
0.147423
0.559159
1.61695
0.611021
0.388069
0.688585
0.733116
0.258103
0.733317
0.795071
0.62515
0.547186
0.553294
0.780978
0.726852
0.815708
3.70241
1.68617
0.879431
1.49662
3.25746
1.02179
1.31663
1.4597
0.119206
0.768938
0.552609
0.992584
0.892793
0.426002
0.436548
0.613414
1.34072
0.246131
1.57593
0.839481
0.757173
0.111705
1.45207
0.653921
0.72954
0.417174
1.04656
0.948157
1.14195
0.770963
0.0659106
1.5316
0.713084
0.395629
2.22973
0.410442
0.657969
0.706443
1.17543
1.60277
2.23285
0.39318
0.663627
0.316007
1.15852
0.390227
0.20424
0.576811
1.70976
0.955816
0.773677
0.269857
0.279285
1.00959
0.448852
0.578105
0.800747
0.979054
0.146689
0.407107
1.05717
1.79497
0.845803
0.241595
0.712567
0.705096
0.376983
1.00919
1.07172
0.920416
2.08388
0.67231
0.835751
1.83861
1.90543
0.730007
0.250189
1.24362
0.316568
0.476914
0.379859
0.14054
0.181181
1.24039
0.750557
0.452342
0.832324
0.179425
0.66923
0.222775
0.0934324
0.695083
1.08396
1.72925
0.608203
2.3273
0.826111
0.651905
0.514532
1.03186
1.13168
1.50758
1.27627
0.710782
0.951476
0.369285
0.31832
0.600307
0.397771
2.36499
0.4814
1.26285
0.997787
3.05411
0.113735
0.87596
2.20894
2.41236
0.373091
1.3977
0.838218
0.549426
1.03398
1.72236
0.968812
0.323313
1.64403
0.481516
1.69765
0.558115
0.693164
0.76656
1.84016
0.860956
0.490558
2.56253
0.807794
0.960767
1.44186
1.32679
1.28776
0.197419
0.223606
0.443109
0.518145
0.50785
0.154303
1.8441
1.19398
0.566036
0.274167
0.34229
0.507579
0.438486
1.47719
0.369833
2.87088
1.04619
1.39073
0.404526
1.18678
0.842089
0.213787
1.69909
0.652155
1.47151
1.99934
0.336815
1.04165
2.78731
0.643219
0.387177
0.537037
0.295097
1.82859
0.258747
0.314708
0.597618
0.141475
1.29144
0.300023
2.91976
1.22634
0.556063
0.330183
1.12059
0.688072
0.565933
0.567615
2.094
1.63276
1.2308
1.47825
0.398907
0.483855
0.506815
0.556267
0.605799
1.82256
3.16759
0.765197
0.911795
2.44135
1.454
0.41117
0.394332
1.1774
0.419772
0.499526
0.24082
1.29017
2.15832
0.880904
0.895677
2.6173
1.06909
0.502083
2.56162
0.604181
0.858206
1.09029
2.24631
0.763901
1.86869
0.96273
0.44414
1.74997
1.45021
0.236337
0.218991
1.46035
1.1643
0.350319
1.31427
0.441649
0.291474
0.104575
0.750362
1.77871
2.00725
0.716611
1.2322
1.63006
0.710387
0.447163
0.631625
0.509069
1.30683
0.474284
1.63818
0.678749
0.817185
1.44715
0.549708
0.253723
1.00399
0.17304
0.310084
0.885318
3.62859
1.75557
0.497184
2.78036
0.226645
1.68906
0.332019
1.4661
1.02344
0.514401
0.929764
0.793173
1.80565
1.93962
0.219887
1.23226
0.133832
1.06481
0.318992
0.805418
0.619845
2.77011
0.43733
0.296413
0.3812
1.75951
0.111496
0.765171
0.596204
1.03077
0.99482
0.426502
1.62906
0.932969
0.792968
1.01956
0.298003
0.614742
2.04947
0.130472
0.783976
1.13261
1.60208
1.91405
0.849702
0.903962
0.809448
0.777477
1.70029
1.1392
0.583782
0.389916
0.817083
0.45027
1.73067
1.52262
0.350378
1.29013
0.473561
1.18249
1.27016
0.412484
1.38464
0.829382
0.179547
1.87071
1.29557
0.214712
0.407683
1.04597
0.833727
0.799878
1.49524
0.281108
0.0933631
0.532664
0.322153
0.400782
0.456988
0.178269
2.24967
0.684597
1.05985
0.153949
0.300682
0.145106
1.16535
0.285211
2.2546
0.266572
0.265686
0.435827
0.0175148
0.847996
1.08143
0.831726
0.255396
0.130489
2.1247
1.31434
1.94902
1.33507
1.66846
0.243529
0.470678
1.04076
0.971055
0.206827
0.0980176
0.443953
0.292855
1.32748
1.37254
0.840344
1.84259
0.662735
1.16414
1.51571
0.581074
0.600415
1.17056
2.44826
2.26727
0.731284
0.771171
0.761529
0.769012
0.235076
0.606823
0.431896
0.442905
0.551891
0.843889
0.421139
0.915892
1.70472
0.700973
0.59131
0.591878
0.997053
0.699712
1.11433
0.968632
0.321502
0.59314
0.192955
0.350359
2.07069
0.735684
1.64521
1.05954
0.707039
0.193697
0.677255
1.08221
0.597081
0.866309
0.984355
0.821037
0.633107
0.818612
1.74719
0.912798
1.05975
0.591299
0.579715
0.851219
1.70747
0.394594
0.26113
1.54104
0.640517
0.694552
0.707623
0.496381
1.09685
0.54811
0.293713
1.66329
0.739124
0.600759
1.81731
1.87472
1.72251
2.05705
0.687573
0.426352
1.84993
1.93892
0.869214
0.3221
1.41281
1.57054
1.36599
0.741907
2.26544
2.19438
0.974363
1.2815
0.197909
0.227088
0.625795
0.657423
0.542939
0.241634
2.56709
0.763563
1.54242
0.957543
0.430711
0.368745
0.620671
1.95224
2.07675
1.54235
0.990205
1.15552
0.387146
0.223737
0.375114
1.87053
2.53351
1.98533
0.833999
2.22326
0.471308
1.70573
0.643573
0.322535
0.340541
0.599007
0.57473
0.609236
0.669226
0.142717
1.31161
2.44761
0.619652
1.59502
0.884229
0.217812
1.97715
1.84126
0.431617
0.424739
0.860812
0.274656
1.26207
0.602075
1.66836
2.22953
1.49597
0.472854
1.46876
0.490637
0.446821
0.216426
0.391245
0.295594
0.419018
0.235962
0.399015
0.940688
1.8159
1.27244
0.63856
0.480098
0.36211
0.674985
0.550489
0.698949
1.49032
0.593713
1.07892
0.414919
1.2624
0.119498
0.310878
0.941348
1.49079
3.55382
1.40221
0.639936
0.144441
0.496525
1.20418
0.8718
0.497888
0.212433
0.280639
0.726786
1.11182
0.638642
3.75723
0.36639
0.684698
1.76457
1.27399
1.47168
2.43356
1.02951
1.5825
1.1169
1.13426
1.53558
0.881761
0.125794
0.587081
1.94436
2.01952
2.12048
0.895054
0.819874
0.622854
0.192677
0.488661
0.179256
0.21106
1.30054
0.159556
1.44715
0.307264
0.546169
2.06428
1.09676
1.04947
0.959989
1.68819
1.09784
1.04818
1.37242
0.19828
1.18156
0.0756842
1.87244
1.98565
0.797581
0.560316
1.90246
0.398907
0.761902
1.14063
0.852126
0.464518
0.895424
0.69111
0.896086
0.407497
3.24842
0.720575
0.22238
1.14353
1.07181
1.06301
1.35509
0.893704
0.558104
1.11527
0.834198
1.82452
1.18501
1.47009
1.09653
0.746157
0.213316
0.442711
0.290841
0.43611
1.66408
1.16268
0.280292
1.23453
0.829657
1.18081
0.172212
0.29474
1.74818
1.45358
1.51845
0.504844
1.75822
3.03399
0.205416
2.01723
0.781773
1.36168
0.856084
0.861464
0.780397
1.56216
2.2427
0.523795
0.0916749
0.517221
1.02176
0.283077
0.93411
0.952046
0.222629
0.339776
1.7148
0.527198
0.149628
0.130732
0.221243
0.483413
0.725965
0.144901
0.304696
1.97188
0.351289
0.102092
0.595221
0.271528
1.12089
1.62305
0.031789
1.34657
1.16156
0.974301
3.70451
0.6695
0.855987
0.555549
1.17251
1.90659
1.44327
0.586961
0.940364
0.35952
0.389977
0.438674
0.477392
0.551038
0.700093
1.74944
0.382116
1.52498
1.15334
1.96616
0.9198
0.706713
0.488489
0.181176
1.11729
1.07013
0.314081
1.30284
0.435496
0.624634
1.6715
0.282528
0.665229
1.62888
0.37904
1.41555
2.17977
0.638962
1.52042
1.90047
1.35715
0.824069
1.63949
2.33022
1.23121
0.418268
1.09484
1.56966
0.804875
0.961204
1.08836
1.19947
1.0175
0.872857
0.279891
0.0846862
0.226311
2.02104
0.465942
1.16528
0.126509
0.119688
0.0807128
0.32637
1.63214
0.862241
1.8246
0.562476
2.10932
0.235057
0.709198
1.33619
1.89041
0.563573
0.926437
0.171501
0.707898
0.375818
0.477332
0.392187
2.95111
0.507884
1.48275
1.15493
1.10309
0.144516
0.0588336
1.53415
0.989482
1.71646
0.295749
1.20022
1.1792
0.0514159
0.157459
0.483649
1.48677
0.388586
0.259828
0.919432
0.802924
1.04853
0.713045
1.37974
0.518766
0.714918
1.17655
1.04212
0.579462
0.596002
0.375534
0.632014
0.374632
0.577494
0.639495
2.63222
0.386789
0.556342
1.52041
0.87926
0.264978
1.69197
2.57343
0.213564
0.80199
0.773346
1.6111
0.101459
1.61396
1.0003
0.566164
0.840915
0.137476
0.913407
1.9822
0.0663207
0.67059
0.830052
0.819811
1.39058
0.470905
1.816
0.50325
1.5376
0.408296
0.92521
1.63643
0.202366
1.05578
0.838185
0.682861
3.53602
0.620603
0.885107
1.74145
0.969613
0.33799
1.25677
0.473345
2.20399
0.112411
0.661974
1.39811
0.481465
0.507647
1.24946
1.98356
0.923147
0.385041
0.432773
1.0506
1.20247
0.633146
1.63331
1.20957
0.284531
0.924732
1.41693
0.766837
1.10298
3.25834
0.121504
0.180041
0.350733
0.31528
2.06099
0.819503
1.46883
0.587146
1.35979
0.872973
1.15233
0.664704
0.433057
0.198271
0.739335
0.0652056
2.89717
1.21202
0.161164
1.2532
3.20353
1.66882
1.18548
0.369257
0.719254
0.461552
0.272993
0.733476
2.55695
0.664663
0.557383
1.3144
1.63095
0.2477
1.29807
1.07261
1.06753
1.39416
0.53112
0.397892
2.09701
0.3547
0.558472
0.450764
1.36967
1.43582
0.32682
0.425747
0.346662
2.10162
1.48717
1.22095
1.83146
1.16483
0.63408
0.885355
0.26986
2.1341
1.46574
1.15218
1.58526
0.674783
2.28795
0.443012
0.252275
0.125201
2.42872
0.815153
0.21966
0.286888
0.158144
2.03864
0.62648
1.27924
0.850323
2.58166
0.593381
2.59847
0.77317
1.72625
1.08599
1.34848
0.652063
1.75561
1.41726
1.56049
1.6069
1.00585
1.07237
0.768793
1.33026
0.226506
0.14365
0.433732
0.587374
0.326742
0.758276
1.70635
0.816454
0.561182
0.231108
1.81104
0.335319
0.508251
0.231737
0.479357
0.56273
0.596472
0.375344
0.578489
0.581003
1.03836
1.40706
1.57311
0.428784
0.864464
1.56993
2.02128
0.596771
1.33593
0.995972
0.619398
1.90037
0.665508
0.397615
1.4403
1.96117
1.70884
1.82237
3.98985
0.467996
0.127713
0.542869
0.3598
0.279123
0.247492
0.346226
3.04243
0.780991
0.892843
0.555421
0.639966
0.57629
0.511733
2.85585
0.425407
0.240452
0.164888
1.06062
0.828367
0.540826
1.03923
1.3487
0.869676
1.5298
1.36742
1.31793
0.604734
0.627809
0.192508
0.786431
0.871075
2.95284
1.76838
1.33134
0.927634
1.55047
0.118814
0.414494
0.828917
0.183666
0.931822
1.87495
1.29369
0.238847
0.558595
1.39096
0.691943
0.103623
0.165943
0.843899
0.0185624
2.54917
1.95862
0.131837
0.500311
0.550879
1.54271
1.93506
1.55726
1.11922
0.950576
0.245452
0.286374
0.880008
2.26804
0.708731
1.37695
0.510294
2.58577
0.647032
0.217041
3.01444
0.817302
0.969684
0.605061
0.757453
2.00795
0.903904
1.15208
0.343229
0.389877
1.28757
0.157742
2.80381
0.50557
1.40458
0.725197
1.34113
0.472924
1.26023
0.724834
1.47608
0.409964
1.009
1.94646
1.51389
0.714246
0.555418
0.232979
0.840574
0.64533
0.441545
0.439646
0.491517
1.00491
0.506815
1.62001
0.590488
1.96226
0.974298
0.155687
0.317495
0.539047
0.6232
1.11307
1.02474
0.294345
0.439497
0.0483252
0.244211
0.552491
0.820632
2.31073
1.94836
2.08265
0.722014
2.02321
0.400297
0.449645
0.939194
0.464959
1.382
1.41825
2.15054
1.33291
0.862071
0.746813
2.43283
0.834146
1.84126
0.624954
0.446134
0.583734
1.56843
1.50194
2.10151
1.12518
1.50194
0.944018
0.922083
1.24462
2.053
0.799236
1.50013
0.728292
2.34322
0.32905
0.597974
1.75959
0.476066
1.71261
0.967307
1.50493
0.191427
1.17803
2.28703
0.600311
1.76371
0.694543
0.365377
0.686827
1.393
1.08646
0.598886
1.12366
0.359538
1.50428
1.50578
0.725352
0.982914
1.50727
1.43258
1.1266
0.147108
0.636585
0.534821
0.569815
0.36244
0.55953
1.56519
1.7641
0.371007
1.01577
1.73742
0.496688
0.9766
0.696577
1.79085
0.768599
0.582658
0.493307
1.051
1.43955
1.26003
0.877474
0.622478
1.28796
0.894721
2.38824
0.0804528
0.148791
0.99548
0.74863
0.44573
2.44808
1.91906
0.579828
2.22842
0.507632
0.767252
2.68616
0.552988
0.260273
0.940157
0.695167
0.285861
1.3634
0.811806
1.00389
0.425708
1.07946
1.31198
0.811252
2.9844
1.51513
1.41903
0.533693
2.06073
1.36046
0.447196
0.956959
1.23832
0.232459
0.184459
1.40856
0.182772
0.978736
1.80046
1.18111
0.857022
0.951501
0.783854
0.217494
1.8
0.0152715
0.37761
1.9785
1.83714
1.17549
0.361233
0.319601
0.409327
2.41205
0.397151
0.323574
0.113122
1.9474
0.62741
0.455823
0.745777
1.30137
0.304026
0.339854
1.02222
0.826114
0.566357
1.08246
1.29184
0.816272
0.354032
0.297397
0.736702
0.177915
0.697611
0.276629
0.0404022
0.566458
0.286216
1.71233
0.653141
0.804258
0.470339
0.326316
1.73657
2.68161
0.973898
0.15276
0.589778
1.12497
0.839647
0.585832
0.0609646
3.36554
2.43982
0.887141
1.06522
0.688311
0.61834
0.247127
2.10224
1.9566
0.744574
0.108668
1.27476
0.265057
0.139662
0.926251
1.80292
0.242053
0.877119
1.04162
1.78121
2.0265
0.187265
0.129438
1.68793
1.31744
2.12862
2.22082
0.198979
1.0349
0.375097
1.13651
0.608207
0.80953
1.84178
0.958625
0.368539
0.109293
1.14314
0.637031
1.99804
0.941247
1.20747
1.62369
0.303527
0.45508
0.672195
0.616338
0.955655
0.652221
0.60695
0.853989
0.380848
1.01285
0.411804
0.49305
1.69868
0.799157
0.447699
1.16814
0.378839
0.228328
1.44545
0.915166
1.16455
2.23905
0.126084
1.8803
0.733132
0.778568
0.958487
0.611288
0.986179
0.494505
0.314857
1.28683
0.521863
0.141002
1.22106
0.407669
3.299
0.743684
0.922306
0.651721
1.67971
0.469917
0.256667
1.0005
0.634697
2.08732
0.348628
1.25523
1.3261
0.947543
0.353458
0.498862
0.864783
1.23206
1.89832
0.235341
1.17909
1.17356
0.881807
0.454389
1.58269
0.303608
0.449489
0.963593
1.74869
0.515409
0.737367
0.933396
0.69587
0.868211
1.55359
0.126808
1.06013
0.741262
1.63933
0.271837
0.672837
1.44847
1.00855
0.823244
0.498711
0.478348
1.07068
0.768063
0.642413
0.602963
0.543665
1.94061
1.92218
3.08583
0.250789
0.776964
0.400327
0.686372
1.55612
0.992656
0.933619
0.566392
1.08347
0.93343
2.35854
1.90265
0.261583
1.34793
1.12151
0.365351
0.35332
0.541276
2.94107
0.779284
2.53174
0.82354
0.331917
0.761612
0.658936
1.06873
0.264312
0.948847
0.420537
0.440793
0.462427
0.449398
0.69056
0.596571
1.51592
1.20044
2.56801
0.706522
0.624218
0.844143
1.37223
1.00486
0.222312
1.0495
0.714761
0.830339
1.01832
0.915981
1.8647
0.535069
0.592303
0.791002
0.166923
0.846216
0.277614
1.33737
0.309611
0.287332
1.31409
0.139668
0.362469
0.630617
2.06005
3.75391
0.478547
1.24608
1.31898
0.509298
1.98514
1.56787
2.38629
1.22178
0.64233
1.0382
0.345947
0.320654
2.16886
2.39218
1.06534
0.950553
1.13064
1.00586
0.466234
1.91204
0.396992
1.33911
1.79454
0.767746
1.99868
1.05244
0.675473
0.729094
0.84343
1.42513
0.712958
0.881395
0.0829486
1.97925
2.13134
0.765573
0.455777
1.36891
1.14847
0.914769
0.431482
3.27439
1.50132
0.571851
0.316279
0.988016
1.04952
0.565665
0.135312
0.567602
1.03212
0.09103
1.27259
0.923878
2.43352
1.42273
1.27331
0.324893
0.388365
2.65776
1.22217
0.114332
1.62902
1.31865
0.384867
1.63374
1.93675
0.907329
1.18554
0.956242
0.690881
1.02821
3.19987
0.211867
1.63111
2.00174
0.496352
1.28575
0.172449
0.597075
0.727953
1.53633
1.00511
0.468598
0.288929
3.50528
1.3214
0.328624
0.720194
0.453548
0.766607
1.25387
0.545229
1.46549
2.69338
2.87538
1.25667
1.22127
1.66195
2.15168
2.88003
0.0647978
1.40828
0.969379
0.954441
0.992372
0.807101
0.688484
1.12247
1.41052
0.246499
0.144176
0.180674
1.36895
0.121754
0.335289
0.44168
0.607801
0.31622
1.7462
1.01075
1.29196
0.465875
2.51137
1.41478
1.26403
0.864116
0.31993
0.0558515
0.688493
0.595296
1.03743
1.17134
2.90623
1.73465
0.840866
0.51289
0.122914
0.688533
2.36468
0.183067
0.588041
0.426061
0.313925
1.17537
2.62621
0.85052
1.103
1.53032
0.774094
0.188195
0.803766
0.557498
0.820239
0.99295
0.277344
1.16007
0.74789
0.0700548
1.53774
0.401773
0.636138
0.445489
1.93626
1.20466
0.962242
0.190165
0.214831
0.766235
1.90206
1.74086
0.0747774
1.39034
1.39893
2.53828
0.452294
1.72237
1.03742
0.711931
1.11229
1.5541
0.401881
1.29205
0.091127
0.237647
0.569252
0.164379
1.81702
0.737195
0.956756
0.957886
0.276959
1.73748
0.536617
0.418881
1.0912
0.547284
0.927294
2.12929
1.86447
0.938903
1.12384
0.943558
2.22467
1.14569
0.151167
0.658683
0.757316
0.223561
0.809926
1.66856
0.206132
2.90839
0.89343
0.82603
0.678629
0.582118
1.01577
0.370396
2.30799
2.33916
0.465959
1.179
1.2544
0.179492
0.632792
0.462176
0.533481
0.760004
2.25765
0.204844
1.12799
0.754394
0.720691
0.449233
1.74335
0.749227
0.544784
0.740168
0.466186
0.790989
1.49733
0.833629
0.430117
3.27446
1.69394
1.26666
0.505431
0.961096
1.59546
0.804426
1.23422
0.615197
0.978297
0.243963
0.471
0.839154
5.16634
0.797943
0.236271
0.314748
0.725285
1.63085
0.208057
1.24381
1.13047
1.81158
1.35679
0.203186
0.789762
0.197967
0.637125
0.935895
1.42904
0.592756
1.48739
0.930272
1.13494
1.43217
1.42289
0.734693
0.375397
1.12337
0.597564
0.757421
0.175223
0.571808
0.110561
2.31717
1.39528
0.385901
0.328746
0.770323
1.60896
1.29075
0.787657
1.33653
0.486153
0.925941
1.12064
0.331914
0.553876
0.528919
0.331881
0.938893
0.617898
0.774695
1.47244
0.238463
0.575457
0.289077
0.264717
0.567869
0.697972
0.370509
0.665426
2.74857
0.754654
0.333584
0.327353
0.377103
0.566959
0.324759
1.39883
2.05211
1.25669
0.775905
0.496798
1.05514
1.99532
1.29897
0.893045
1.38763
0.841655
0.791588
1.84621
0.156159
1.77985
1.1543
0.742237
1.57681
1.91729
0.91741
1.55837
0.250085
0.493064
2.12026
0.959014
1.38615
0.231732
0.760566
0.546111
1.46676
0.735261
0.983481
0.221434
0.342761
1.43649
0.852158
1.3969
1.20063
1.16033
1.21374
0.477
1.25663
0.293617
0.933324
0.237942
0.118931
0.220228
0.686879
2.96963
0.988979
0.521934
1.21605
0.32811
1.26211
2.05499
0.283713
1.13636
0.398158
0.845089
0.456442
0.772691
0.834407
0.557745
0.805571
0.594222
0.756353
0.501898
1.03443
0.68011
0.852754
0.795199
2.0484
0.783778
1.00345
0.985034
0.331294
1.09061
1.24326
0.278369
1.81941
0.234903
1.74041
0.490885
0.885788
2.22877
0.779874
0.423993
0.267471
0.529844
3.41025
0.469426
0.820907
0.383938
1.81125
0.304082
0.640767
0.458301
1.07435
1.29048
0.521516
1.13509
0.111913
0.787098
0.229984
3.52062
1.20292
0.748174
2.02822
0.806719
1.41272
0.426383
0.363212
1.81438
1.17172
1.15843
0.110502
0.738845
0.281905
0.397635
0.769873
0.649163
0.803167
3.71252
0.712379
0.332401
0.0384882
1.12017
0.960671
0.0517502
0.789356
0.603006
0.630366
2.55372
0.72918
0.537358
0.50854
2.65532
1.65507
0.669158
0.230006
1.23207
0.878141
3.01029
3.92174
0.113592
0.612791
2.19559
0.849
0.485483
0.727965
0.812768
1.88996
0.894639
0.779133
1.51142
0.826489
0.0661205
0.602809
2.21444
1.00175
1.77141
2.1515
1.02995
3.07569
1.86176
1.1488
0.162129
0.585459
0.767722
0.661848
1.1356
0.316963
0.748991
1.55429
0.39006
0.33751
1.4864
0.315631
0.735433
1.03777
0.627379
0.21706
0.225468
0.301588
0.289792
2.0719
0.902848
0.0915028
0.849464
3.4831
0.601468
1.56616
1.01084
0.384961
1.72429
1.60755
0.293654
0.554552
0.522722
0.788675
0.878398
0.651212
0.445648
1.22253
0.384982
0.0964902
1.54166
0.457227
0.706784
1.37171
1.12016
0.178178
0.930455
1.33864
0.785581
0.98992
0.658103
0.437629
0.433883
0.190743
0.231484
1.01416
0.205036
2.49832
0.812998
0.625392
1.48006
1.67731
0.600187
0.434209
0.441311
1.09345
1.00561
1.32901
0.331177
0.6825
1.05653
1.17747
1.67807
0.970638
0.569355
1.25736
0.496307
1.58271
1.13759
0.0854417
0.703226
0.0554146
0.407058
0.239492
0.927294
1.59059
1.18123
0.263619
1.08989
0.827861
0.748559
1.94229
0.748221
0.479129
0.205811
0.682797
0.288014
0.220404
0.645812
0.680231
0.999044
0.316744
3.16603
1.65833
0.850425
1.61654
0.161788
1.16459
1.58556
1.03869
0.621687
0.914847
1.42912
1.6997
0.118688
0.392359
0.850711
0.407559
2.18074
0.525484
1.48085
1.41727
0.258209
0.426968
0.738169
0.40938
0.393759
0.876383
0.788933
1.43433
0.844219
0.975767
0.543841
0.455622
1.31682
0.829575
1.21138
0.408347
1.27811
0.184721
1.09023
1.55608
0.553553
0.742992
1.21573
0.289055
2.083
1.87017
0.652155
0.573359
0.493545
0.820944
0.501088
0.165929
0.884119
0.742392
1.28909
1.24121
2.43219
0.0854312
1.44543
1.1292
2.13354
1.54322
0.600205
0.450744
0.800868
1.51564
0.464594
3.35849
2.2053
2.1136
0.804367
1.1368
1.14246
0.540752
0.634049
0.713542
0.860625
0.728632
1.17409
0.485031
0.427126
1.8324
1.43428
1.30947
0.258393
2.02756
1.01944
0.249298
1.50808
0.876883
0.246201
0.321617
0.92032
1.06081
0.907999
0.953825
1.28671
1.56061
0.626731
0.555456
0.90803
1.34179
2.69092
0.0482963
0.0946268
0.379965
0.448811
0.745415
1.38262
0.644298
0.757173
1.64007
0.778574
1.12638
0.391917
0.489048
0.835425
1.09701
0.504726
0.547814
1.07183
0.686401
1.80502
1.32427
1.24248
1.16713
1.45699
0.696712
0.755672
0.74742
1.06368
0.567633
1.0808
0.2149
0.366229
1.78451
1.17513
2.39928
0.724882
0.503098
0.612566
0.960494
0.173384
0.399028
0.869472
1.69374
0.310271
0.691471
0.395122
1.13304
0.185159
2.28592
2.24287
0.952986
0.532008
0.647654
1.2079
1.57473
0.922601
0.723876
0.216645
1.15893
1.62395
0.952074
0.684127
1.09897
2.27545
0.821426
1.24987
0.839768
0.538286
1.3867
0.347274
0.377377
1.26585
1.49341
0.61073
0.645205
1.21553
1.15138
0.713345
1.19554
0.229313
0.978894
0.99998
0.363113
0.329339
1.09009
0.190827
2.47817
0.174618
0.748276
0.968072
0.713632
1.32384
1.86402
0.561755
0.780029
0.580363
0.575373
1.03149
0.183864
0.484489
0.13209
1.79383
2.99677
0.708298
2.67663
0.893398
0.114939
3.71835
0.555313
0.219961
1.22497
1.5364
0.793878
0.365413
0.463648
1.32182
1.04592
1.01407
0.410036
0.0881487
1.04862
0.257329
2.05137
0.515696
1.56361
0.039349
1.72317
0.104662
0.470629
0.719806
0.422916
1.29561
1.73876
0.704714
0.294668
0.802321
0.260324
1.62091
0.800215
0.936887
1.37
0.65681
1.14584
0.0583321
1.77701
0.893287
0.798335
0.0873118
0.665898
0.519609
2.55651
1.3098
0.732016
1.16718
0.794599
0.918914
1.23929
0.974731
1.34385
1.18749
0.46599
0.43089
0.276741
1.03595
0.721362
3.25241
1.12578
0.813542
1.51696
0.58515
0.618795
0.958145
0.648279
1.73733
0.690414
1.48211
1.32018
0.488366
0.852431
1.31033
0.287468
1.70041
1.81586
0.392618
0.0943043
0.521554
0.901462
0.719546
1.41352
1.90425
1.72503
0.987833
2.37578
0.720519
0.294718
0.805368
0.535577
2.23397
0.538486
0.64523
0.790734
2.27077
0.213857
0.442688
1.73079
0.902405
0.867546
0.455254
2.3049
1.15556
2.60114
2.10978
0.772975
1.02008
1.32967
0.231136
0.233681
0.568133
0.5588
0.227493
0.618056
0.292166
1.45754
1.71275
0.524904
0.0499139
0.67191
0.81748
1.44015
0.481551
0.831134
1.08539
1.24564
0.505972
1.26412
1.23635
0.763019
0.0510872
1.42236
0.997422
1.94728
2.83314
0.131548
0.378393
0.291314
0.457037
0.329434
0.319743
1.29536
1.05443
0.290118
1.55415
1.76926
0.209655
2.79929
0.418382
1.41456
1.82478
1.18345
0.557376
0.872611
0.14673
3.1206
0.284239
0.627641
0.724319
0.593762
1.8537
0.525497
0.0824598
1.09883
0.493823
1.66355
1.20839
1.51962
1.1866
1.37748
0.426728
1.07099
0.584128
0.0794084
1.46084
0.44467
0.229933
0.66159
0.407561
0.255928
0.587822
1.25345
1.20774
0.484998
0.581527
0.236475
0.434475
1.11991
0.286017
0.553658
0.540823
0.476774
1.04479
0.859833
0.0825518
0.734563
0.69694
0.375382
0.337638
1.13746
0.941668
0.45929
2.01286
1.03804
0.713319
0.938665
0.64687
1.30018
1.00642
0.359152
1.55772
0.964327
0.585077
1.338
0.868411
1.61905
1.21401
3.36098
2.15416
3.07884
0.58062
0.771434
0.398429
2.6207
0.114572
1.74521
0.914489
0.96848
0.837983
0.434477
0.584736
0.788954
1.6126
0.946188
0.232812
0.150864
0.146907
0.943996
0.54796
0.285629
0.441092
0.785128
1.34355
1.05903
0.166737
1.55635
1.43644
1.12142
0.700104
0.868201
0.603679
0.365929
0.456367
0.976739
0.901451
0.886222
1.43426
0.210832
0.374163
1.61698
0.369759
0.369934
0.239718
0.662598
0.163715
1.74872
2.47888
0.545644
0.696634
0.667561
0.827745
0.474422
0.309037
0.993064
0.532907
0.493313
0.49555
0.971648
0.438566
0.0157631
0.495114
0.75072
1.11318
1.52345
0.413658
0.204523
0.0818537
0.24539
0.511212
2.70872
1.36956
2.89496
0.910149
0.505008
0.605857
0.338625
1.95786
1.10158
0.804497
1.25741
0.143833
0.268717
2.44484
1.35252
0.846532
0.518768
0.494629
0.769527
0.198496
0.16149
0.373124
0.735791
0.586708
1.58137
0.0659187
1.12154
0.531746
0.62149
0.602305
1.04935
1.07672
0.302136
1.59831
2.76342
0.387044
2.21057
1.17504
0.323267
0.459959
1.11481
0.224552
3.36009
1.01914
1.2587
1.89825
1.6258
0.0895885
0.849506
0.267194
1.08049
0.379418
0.378131
1.23215
2.22314
1.16346
2.26869
0.758507
0.514104
0.918068
2.10013
1.18618
1.15242
0.554342
1.32576
1.27734
1.54752
0.915789
1.51689
0.181699
0.627094
0.567097
0.0340735
0.772032
0.729908
0.967615
0.657279
0.114267
1.84165
0.203783
2.4863
2.06071
0.453948
0.165709
0.35473
0.175311
0.415045
0.203587
0.486076
1.02964
0.511463
1.09536
2.14904
0.221975
0.154721
0.660756
0.681126
1.32163
0.752458
0.615094
1.52063
2.77496
0.177106
2.27977
1.6915
0.240195
0.391747
0.625161
1.92477
0.716765
1.88561
0.234315
0.946079
0.574764
0.71731
0.38047
0.453042
1.14508
1.80851
1.05991
1.74718
1.38779
0.407143
0.511839
0.326353
2.04463
1.05837
1.41091
1.73465
1.70036
0.865614
0.731594
1.23121
1.41595
2.35269
0.589488
0.419607
0.173825
0.763471
0.722104
0.820027
1.60166
1.27736
1.69344
0.650316
0.659166
0.139575
0.65883
0.413109
1.78576
1.88525
0.585011
2.57722
1.03593
1.48288
0.646579
5.25332
0.740407
0.39183
0.838716
2.25651
0.685285
0.61851
0.650259
1.97288
2.93116
0.623613
1.23103
0.579934
0.680493
0.23125
0.835538
2.47254
0.429322
1.79458
1.03823
0.506833
0.465397
2.1634
1.67505
0.88376
1.44302
0.861649
0.263412
0.59229
1.09166
0.216284
1.00681
1.06229
0.794903
1.66775
0.079696
0.30891
0.77797
0.356818
0.329473
0.428924
1.09869
0.312504
1.6142
1.82082
0.519648
0.776478
0.257224
1.41287
1.30559
0.339146
1.22942
0.668694
1.0345
1.17079
1.88958
0.392086
0.889177
0.834915
0.664847
0.378202
1.06636
1.25065
1.20098
0.29075
0.79131
1.10187
0.288386
0.9534
0.934018
0.774531
2.62833
0.741241
0.100138
0.5885
1.0788
0.378957
0.176925
1.47658
1.00199
1.92086
0.331539
2.11032
0.509081
1.61672
1.93404
0.666176
0.389995
0.547354
0.448209
0.09532
0.882535
0.34523
0.0832436
1.12887
1.17911
0.876281
0.598749
1.33188
0.890449
0.707817
2.24609
0.824679
1.83362
0.285605
1.36313
0.608403
1.205
3.42834
2.29001
1.22607
0.889653
0.690895
2.35153
0.846806
2.13212
2.39986
2.25077
0.566659
0.522722
1.01614
0.503455
1.63759
1.24351
0.259939
0.640067
0.587159
0.375064
1.32623
1.04005
1.29772
1.05923
0.641739
0.433568
0.440809
1.00739
0.36652
1.58911
0.768679
2.19965
0.310503
0.280307
1.05903
0.519957
0.733161
0.292113
1.96647
0.314854
0.699721
1.97409
0.343261
0.673467
0.962125
1.37416
0.0607365
0.94114
1.89006
0.749759
0.167451
1.27262
0.915891
0.320259
2.10595
0.345047
0.359045
2.29105
0.641116
1.89363
0.297478
0.348753
0.155246
0.944353
0.312718
1.59802
0.931613
0.98864
1.01611
1.18141
1.05366
0.569056
1.06388
0.952108
1.24958
0.732973
0.0952052
0.997705
0.640816
0.746693
0.690945
0.748718
2.64548
0.506183
0.357363
0.310469
1.25132
0.652651
2.20071
0.386527
0.786219
0.416671
0.408654
1.05757
2.51954
3.24222
0.623703
1.24512
2.64852
0.807499
0.632052
2.11937
0.478202
1.39349
3.82841
1.06171
1.07514
1.30318
1.22924
0.867631
0.190767
1.3718
1.52997
1.00174
1.2054
1.07355
2.55179
1.08006
0.782258
1.00766
1.18025
1.55969
0.716371
2.32162
0.628414
1.2099
1.73456
0.587902
0.590635
1.30268
2.05063
0.624598
1.52455
0.341159
0.911496
0.863
0.573309
0.261276
1.4744
0.25693
0.619034
0.520898
0.269678
2.16607
0.190965
0.208454
0.270632
2.06498
0.619343
1.89145
0.680982
0.426798
0.497389
0.666821
0.842081
0.325416
0.163369
0.176161
0.61038
0.414465
0.803466
0.898091
0.559867
0.633594
0.938499
0.328171
1.61399
1.02201
0.866782
1.03748
0.174175
0.476517
1.35083
0.152073
0.835205
0.138405
0.679828
2.52688
0.916247
2.45551
1.20109
0.927584
0.23973
1.38021
0.26989
1.19916
0.514126
3.38764
1.67586
1.09888
0.486386
0.848288
2.1452
1.61377
0.652981
0.655415
0.192782
0.968268
0.0324737
0.701018
1.6507
0.453441
0.774926
0.565671
0.829786
1.31615
0.658004
1.25046
0.755966
1.83194
1.02176
0.825301
0.705756
2.92737
0.675865
1.29236
1.67801
0.651749
0.693312
4.24843
1.0897
1.42263
0.683825
0.462702
1.682
1.33044
0.264262
0.662655
1.04828
1.05206
2.44778
0.95607
0.558985
0.403822
0.141918
0.0490059
2.72481
0.771455
0.287189
1.38521
0.524834
0.490637
0.0859408
0.720397
0.773963
0.951774
1.03224
1.56318
0.871605
0.483258
0.523168
1.24816
1.61034
0.658431
0.0885117
0.884791
0.412299
1.40008
1.8133
0.353347
0.88516
1.05809
2.13589
0.269946
1.17769
1.01937
0.233077
0.717168
0.87482
0.907241
0.933951
0.217783
1.34731
1.1224
1.66913
0.46405
0.431186
1.06499
0.391947
0.318831
0.301639
0.905233
1.12421
0.82507
0.356516
0.625771
1.58155
0.794863
0.0875683
0.497256
0.452967
0.266862
2.09258
0.359149
0.275787
1.09159
1.32925
0.1204
0.435278
0.56941
0.715013
1.69764
0.76462
2.0889
1.62227
0.829237
1.37147
0.758331
1.01301
0.0908697
0.289063
1.00356
0.745426
0.0806179
0.327752
0.89628
0.75964
0.977583
1.29951
1.27316
2.9581
0.310324
0.121364
0.916594
0.818858
0.897316
3.3316
1.35718
1.5438
0.18527
1.08814
5.49713
0.658642
1.37991
1.25486
0.591729
0.67629
0.850577
0.351246
1.11496
0.354648
1.45107
0.589674
0.0952142
0.140576
1.05138
0.18208
0.360976
0.332533
0.729339
0.724577
1.02646
0.0795393
0.360243
1.33225
0.745654
0.642925
0.631341
0.334817
0.738584
1.08355
0.408852
1.08369
0.90993
1.89576
0.459339
0.430938
2.39006
0.806195
0.316231
1.17923
0.0890733
2.20662
1.56271
2.06698
0.970926
0.954213
1.0243
1.07739
1.67477
0.666155
1.45773
1.22543
1.05507
0.806103
2.32228
0.814531
0.250127
3.96953
1.27452
1.88434
1.35804
0.144601
2.24581
1.17062
0.996258
2.59713
0.936507
0.441047
0.53109
0.267654
1.31347
0.871071
0.56725
0.422396
2.1009
0.527916
0.472852
0.639773
1.00102
0.553294
1.82665
2.77887
0.595752
0.482675
0.263739
0.519132
0.174313
0.911569
0.285379
0.126566
1.73118
0.298153
0.180651
0.600768
0.943745
0.827392
0.4128
0.755745
1.3831
0.121683
0.536209
0.577049
1.78742
1.47945
2.85786
1.91752
0.330276
1.49428
0.612741
1.75556
0.934495
0.360346
1.50118
0.513047
1.0604
0.727846
1.08816
1.57396
1.82825
1.68169
1.50813
0.223894
1.26599
2.05587
0.490245
2.19202
1.33797
1.20805
0.741218
0.726216
0.861209
0.674679
0.55788
0.89267
0.355446
0.521107
0.224613
1.01551
2.49649
1.9099
0.999891
0.11678
0.829616
0.385475
0.657406
1.52631
0.708466
0.584573
0.495341
2.32223
0.455812
0.948928
0.363648
1.46281
0.473796
0.688499
1.33446
0.689402
0.913131
1.65042
0.0520042
0.800374
1.68131
0.457043
0.901636
0.341459
1.3328
2.39522
1.49606
1.49156
2.51103
0.329442
0.332394
0.245887
1.19212
0.492628
0.0282923
0.871614
0.35511
0.915212
0.65563
0.451568
0.18981
0.24762
0.367081
0.880029
0.80244
1.52633
2.53495
1.62782
2.95302
1.03873
0.709684
0.817759
0.939388
2.20246
0.774021
0.662103
0.563005
0.486022
2.32689
2.20497
1.61709
0.877284
2.45874
1.13631
1.00676
0.743978
2.06296
1.67823
0.64622
0.894681
1.15016
0.71118
1.35235
0.824829
2.11723
0.358174
0.338087
0.346924
0.697933
0.124166
1.42539
0.738177
1.75306
0.478573
0.783658
1.60059
1.25482
3.25339
0.120328
0.367565
0.508294
0.376868
0.468837
0.760212
0.498645
0.255739
2.44641
0.624714
0.259555
1.5907
0.574727
0.542249
0.591349
0.692594
1.65564
0.35116
0.38164
1.18698
2.48387
2.43916
0.2643
0.931178
1.87122
1.91829
0.780191
1.51281
0.489022
1.15138
3.04455
2.36106
0.788566
0.504681
0.426613
1.4998
1.67344
1.2047
3.47554
0.973014
1.19562
0.899878
1.2112
1.44807
0.436411
0.611438
0.238288
0.816573
1.69061
1.17123
1.38453
0.39835
2.29226
0.409647
1.49595
2.44459
0.591113
1.37023
0.11015
1.77068
0.443699
0.805798
1.57098
0.530443
0.225726
0.398497
0.367162
0.329157
0.256759
0.977072
0.692145
0.354427
3.67245
0.503561
2.28034
1.04694
3.24204
0.919446
0.544158
2.65089
0.0876166
0.383507
0.712131
0.522052
0.487558
0.805127
0.32372
0.587716
0.256322
1.00938
1.28222
1.25745
1.16332
1.14469
0.935184
1.53424
0.67738
0.779041
2.91212
2.44517
0.563271
0.462176
0.80648
1.33437
1.8682
0.456745
0.732534
0.630096
2.26121
1.26088
1.6238
0.297501
2.05804
0.508349
0.870348
1.67936
1.47938
0.785116
1.80667
1.24958
0.366252
0.560462
0.947974
0.982676
0.264667
0.18429
0.502249
1.4869
3.20458
2.0929
0.988268
1.78748
0.315376
2.4704
0.204515
0.458823
1.27465
1.92826
0.963601
0.805735
0.695781
1.87118
1.48199
0.36733
0.0384774
0.455096
0.949923
0.775206
2.4552
2.81504
0.265112
1.37069
0.334988
0.935003
0.559732
0.987564
1.14009
0.413335
0.412716
0.488459
1.6302
1.35149
1.0935
1.17938
0.0771447
0.814605
1.00724
0.719642
1.06461
0.535107
0.742691
0.277121
0.550501
0.698275
2.40467
1.16063
1.30891
0.438365
0.486096
0.553068
1.29105
2.81138
1.15412
0.418876
0.971601
1.51579
0.572047
1.07197
1.38318
0.956558
1.13039
0.255622
2.84714
1.31157
0.52523
1.84785
2.49943
0.785672
1.05609
1.42549
2.53941
1.20882
0.568109
1.13094
0.0841929
0.249088
0.635099
1.36599
0.26412
0.695481
1.17937
0.420847
0.169411
1.20041
0.194568
0.56001
0.316151
1.32439
0.894104
1.01592
2.59151
0.523485
1.25003
0.975013
0.15756
2.76946
0.293576
0.148642
0.645251
1.68146
0.560369
0.464742
5.10586
0.451997
2.1054
0.351588
0.99457
1.44365
3.20555
0.0346029
0.603327
2.77181
0.494894
0.817907
1.93424
0.430365
0.741673
0.48743
0.179057
0.665856
0.26388
0.248355
0.838036
0.908493
1.10694
0.429426
1.28238
0.761936
1.66543
1.001
1.21855
2.60526
1.05823
2.02019
2.09585
0.146607
0.831845
0.0691288
1.61918
0.0714411
0.138004
0.527163
1.65412
0.723944
0.494268
0.60712
0.684746
0.472779
0.620893
0.581189
0.744998
1.11781
1.22179
0.527907
1.37183
1.26345
1.42534
0.336682
0.283218
0.127025
1.70677
0.554581
0.988479
0.883789
2.18187
2.04625
0.695607
1.44405
0.785141
0.346079
0.879949
1.09657
0.367183
1.68625
0.204999
1.83434
0.650549
0.14956
0.137049
0.621802
0.781138
0.0778236
1.23232
1.5574
0.47547
1.17899
1.72463
1.39039
1.99004
0.543601
1.05045
1.10103
0.170346
0.158665
0.679766
0.132673
2.1136
1.16936
0.747639
1.63555
1.79039
1.65288
0.887529
0.807026
0.564911
1.13564
2.51409
0.899988
0.288587
0.683919
0.178824
0.994548
0.870123
0.315893
1.0415
0.676096
1.15636
1.76338
1.19125
0.590119
0.699314
1.06172
1.07301
0.38632
0.0705814
1.12343
0.355126
0.822946
0.638915
0.196328
1.24433
0.565354
0.667269
0.87458
0.903109
0.856004
0.46553
1.54935
0.965806
0.612256
1.46099
0.501578
2.10006
1.98242
2.27637
0.878895
1.00259
0.322074
0.104416
1.2408
0.40923
0.647609
1.36841
0.703229
0.423531
1.14467
0.522399
0.660624
0.506713
0.663576
0.871178
2.58193
0.425899
0.180016
0.914984
0.719782
0.467767
0.553719
0.100371
1.19722
2.16154
1.68744
1.67195
0.96687
0.484567
0.677997
0.742805
0.17938
0.724848
0.463165
0.364922
0.0989615
1.08215
0.945251
0.688003
0.294998
0.564531
0.0897727
0.3305
1.31096
0.753171
1.60925
1.00091
0.186675
1.69307
3.0866
0.922058
0.177601
0.336691
2.11204
0.806036
0.701935
0.476662
0.57855
1.97362
0.777194
1.04327
0.829086
0.525497
0.060319
3.29897
1.30812
2.40947
1.79542
0.997012
0.513067
0.975498
0.723923
0.981649
0.769287
1.11797
0.217159
1.89846
0.660792
0.126991
3.40161
0.495044
0.837359
0.66705
1.61532
1.08054
0.725362
0.326862
0.47497
0.179372
0.0870085
0.607703
0.724741
0.470434
1.84587
0.595664
1.36642
0.753058
0.492209
1.6128
0.363814
1.27091
1.34324
0.576314
0.497685
0.797037
0.978197
0.0468105
1.01122
1.43812
1.46853
0.949812
2.02985
0.62975
2.55556
0.0344273
0.322528
1.28726
0.789665
0.623643
0.979761
0.112887
0.25311
0.598967
1.23881
0.307163
0.0653007
1.45729
1.50998
1.14878
0.750204
0.502896
1.02076
0.259507
1.53189
0.767876
4.63291
0.901732
0.828485
1.13765
1.01224
1.91856
0.871111
1.26425
0.607004
0.402294
0.339084
0.246748
1.57779
1.50823
1.35371
1.13178
1.42719
1.93568
1.16528
1.45258
0.760828
0.139499
0.717812
0.114789
0.980566
0.812332
0.656432
1.56263
1.03329
0.675856
1.4435
0.302134
0.857225
1.98799
0.856514
1.40758
0.531664
0.423489
0.156456
0.391927
1.68735
0.408214
0.315006
0.737625
0.573058
0.434996
1.7898
0.189869
0.459033
2.02544
1.07353
1.36855
0.482077
0.554372
1.16119
1.53138
2.94006
0.293235
1.54562
0.508221
0.982323
0.10698
0.398058
0.816191
0.687148
1.38205
0.899499
1.68951
0.749726
0.805719
0.558727
4.1369
2.24032
0.501546
1.43289
1.9146
0.325902
1.27006
0.831055
1.03026
0.93513
0.716082
0.0969072
0.288419
0.381875
0.377215
2.32246
1.64346
1.19538
0.482762
1.15168
2.85355
1.12943
0.135388
0.55164
0.548615
0.794047
1.02958
1.69188
0.461811
0.21573
1.17544
0.43899
0.703965
0.473169
2.01226
0.172228
0.360572
2.4193
1.14307
0.367287
1.28969
0.951321
0.766785
1.52461
1.37815
0.961733
1.38801
0.125846
0.330498
0.799141
0.290491
1.02093
0.307055
1.03885
1.34726
0.261901
1.03973
1.78624
0.912132
0.76164
0.846516
0.408171
1.5054
1.97108
0.198083
0.616458
0.87261
2.97447
0.831746
0.74698
0.0140544
0.494296
0.809479
1.58315
0.837598
0.666691
0.92746
0.923665
0.425304
0.676913
0.565633
1.4598
1.79386
0.849803
0.423956
1.07827
1.54555
1.72169
0.816069
0.893811
0.878644
1.05114
1.07701
0.686417
0.675886
0.289092
1.5437
0.686821
1.6102
1.63131
1.09316
2.68192
1.46249
1.17206
0.735816
0.671953
0.364594
0.136169
0.375202
0.432114
1.67995
0.496171
0.33064
1.84688
0.388417
0.351728
0.755198
1.14443
0.399366
1.00089
2.56309
1.84231
2.15525
0.25392
1.46544
0.445928
1.14822
0.209791
2.51473
1.44087
0.51289
0.652148
0.798667
0.473286
0.603133
0.688454
0.284889
1.16249
1.18295
0.555984
0.505598
0.663077
1.47513
0.207418
0.550615
0.339326
0.877321
1.06312
0.548211
0.15632
1.20305
0.364007
1.23141
2.67498
1.26663
0.900511
1.56314
0.591861
0.854644
1.60561
0.634653
1.36031
0.221959
0.88488
1.27913
0.18183
2.63507
0.684715
0.92466
0.528216
0.811496
0.396829
2.62041
0.448634
0.90249
1.40461
1.98033
0.416199
1.47867
0.426838
0.345652
0.738121
0.424937
0.467636
1.16863
1.40286
1.76947
1.22977
0.626846
1.30735
0.444355
0.190112
0.55272
0.667485
0.139632
0.479464
1.02165
0.430473
1.32821
0.191018
2.01509
0.566351
0.578119
0.940811
1.16702
0.870831
1.78859
1.7972
1.90367
0.0475265
0.403017
0.836097
1.91196
2.05448
0.202436
0.198062
1.01686
0.169538
1.66639
0.419137
1.03466
0.573954
2.47046
0.680594
0.253207
0.886805
0.910173
0.899367
1.01037
1.45388
2.34042
0.236709
1.54194
1.42289
0.320471
0.14419
1.47409
1.55066
0.753885
1.17494
1.20788
2.28693
0.767425
1.1782
0.979238
0.612677
1.57539
0.72149
1.99463
1.23755
0.736646
0.523292
1.11803
0.455864
1.40404
2.67387
0.468767
2.16956
1.18601
0.751334
0.633472
0.442669
1.1867
0.387763
0.920251
0.252318
0.422398
0.233434
1.86633
2.26353
0.839487
0.722301
0.548848
1.40761
1.37539
0.742172
0.184373
0.407406
0.278608
1.9957
0.634602
1.02503
0.474183
0.396293
0.367661
0.464568
0.910025
0.560573
0.693767
2.55754
0.764654
1.17786
2.55805
1.10192
1.44301
0.30031
2.22601
1.0803
1.09429
1.62096
0.534789
0.965968
1.72831
0.0665977
0.914812
0.801096
1.88977
3.88107
0.877495
1.18438
0.895524
0.195501
0.349126
1.22869
2.38442
2.14846
0.795342
1.14881
0.219296
0.222872
0.840287
0.758068
0.380457
0.601899
0.475842
2.24981
0.349586
1.0243
0.529315
0.76611
0.908657
0.837021
1.40097
1.01978
2.39564
1.67238
1.54017
1.35132
1.02977
0.576636
0.362319
3.07802
0.656388
0.40949
1.31545
0.520019
1.2599
0.756568
0.518516
0.443748
0.285434
1.71684
1.05841
0.793565
1.93682
1.00021
0.602498
2.15482
0.30323
1.02972
1.44461
0.51112
1.34181
2.29059
0.579403
1.41577
0.759837
1.0494
1.49205
0.72961
0.308707
0.629118
0.585564
0.368537
0.427354
0.812057
0.673271
1.14581
0.960856
0.88574
0.583014
1.28065
1.19688
1.20833
0.292843
0.644645
2.15405
2.08749
0.235095
1.8553
0.785913
1.47698
0.657167
1.55825
0.675361
1.39756
0.627518
0.759949
2.01387
1.43157
0.217238
0.871469
2.27102
1.06614
0.659492
0.486119
1.06438
2.09629
1.08282
0.469266
0.7049
1.24001
0.438024
0.658984
1.24796
0.763832
2.48558
0.241463
0.890934
1.28383
0.30229
0.247407
0.665126
1.0189
1.31156
1.94663
0.408135
0.662255
0.56298
0.586665
1.40027
0.300619
0.439823
0.214534
0.697645
0.339292
0.498659
0.0513731
1.17176
0.463168
0.117634
0.765041
0.430211
1.12574
2.74877
1.28564
0.540615
1.58596
0.249297
0.332022
0.777603
1.5255
1.22115
1.50081
1.39841
1.64363
1.11509
0.797097
0.286938
1.09118
0.598739
0.40587
0.609574
1.01058
0.812077
1.28177
0.576889
2.24941
1.25901
0.170356
1.24407
0.277499
1.14894
0.391525
1.13974
0.573228
1.02644
1.10364
0.323596
0.833724
0.673586
1.01437
0.704111
1.19264
0.362677
1.0383
0.606363
1.2576
1.19745
0.248968
0.951743
0.186443
0.607948
0.993569
0.644556
0.355931
0.0524471
1.07316
0.273226
0.767233
0.29026
0.741604
0.633235
0.448769
1.5856
0.9183
0.421687
0.670539
0.300106
0.213006
0.355287
0.564226
1.09584
1.22045
0.228875
0.22504
0.364362
0.443411
0.572266
1.54919
1.57227
1.12173
1.02186
0.897817
0.935461
1.4129
0.923382
0.319178
0.387607
1.23726
1.12726
1.4579
0.171063
1.35275
0.170569
1.37166
2.28167
0.759941
0.848854
0.207857
1.44407
1.24915
0.376693
0.914485
1.34866
1.56222
1.62485
0.537447
0.166177
0.984139
1.18401
1.81977
0.649718
0.421116
1.52145
1.46706
1.32644
0.654342
0.960911
1.20376
1.09158
0.38616
1.211
0.696565
1.10014
1.73437
1.33582
0.793085
1.93965
0.849606
0.851402
1.80519
0.182915
0.680809
0.910598
1.59177
0.650129
1.27172
0.142562
0.209995
1.08789
0.432942
0.852537
0.616917
1.40074
0.810524
0.281749
1.03217
2.00792
0.227393
0.819057
0.98012
0.148597
0.775822
0.530062
1.37601
0.231397
1.98273
0.838974
0.539596
0.955927
1.02901
0.945326
2.07566
5.81131
3.35393
0.538699
1.32124
1.57502
0.0603101
2.74988
1.17681
0.599328
0.0789458
0.431049
0.492333
0.444825
1.06441
0.310623
1.61368
0.578272
0.429015
0.663397
1.04748
0.295291
0.177032
0.627935
2.08756
0.816858
0.138759
1.02154
0.645102
1.20987
0.897077
2.55844
0.279398
2.04478
1.12135
2.53726
0.927558
1.70149
0.650177
0.613481
0.609377
1.52288
0.822859
0.335409
0.228095
0.298844
0.715785
1.52006
1.75113
0.757843
0.774008
1.57788
0.660337
0.642534
0.361901
0.73048
0.61661
2.04061
1.2014
0.0996486
1.34069
1.61607
0.0904433
0.93322
0.552748
1.47577
2.68105
0.825401
0.34653
1.57625
0.550648
0.552129
0.175212
0.330355
2.08121
0.354002
0.766919
0.556808
0.129353
1.04652
0.157316
0.883094
0.483754
0.616406
0.453146
1.86816
2.30707
0.541404
0.953743
0.973776
0.593916
1.08654
1.51862
1.27307
0.292298
1.69545
1.3073
0.386026
0.998559
0.590836
0.917624
0.180305
0.192429
1.64568
0.289827
0.750048
1.70033
0.0839592
1.32891
1.93928
0.800596
0.0940683
0.685059
0.131701
1.81881
0.662204
0.165149
1.57547
1.20136
1.73845
0.917689
1.80797
0.587636
0.990604
0.321084
1.63901
1.56732
0.174006
0.402663
0.719277
1.47496
0.401667
2.3269
0.287103
1.11519
2.17192
0.215421
0.646525
1.23792
0.470805
0.693554
1.17421
0.5619
0.624541
0.700026
0.559456
0.217445
0.980785
0.622314
1.21713
0.625235
0.516129
2.52713
0.443041
0.511652
1.96672
2.34527
0.120244
0.171999
0.862641
1.37063
0.345935
0.566302
0.518501
0.368467
1.13767
0.74765
0.196271
0.687472
0.75747
2.28208
0.77862
1.01196
0.934547
0.161614
0.779839
1.09667
1.47919
0.526387
0.365525
1.24452
2.97024
1.08564
0.365494
0.75652
0.120257
0.641932
1.57573
0.90355
0.386613
1.65522
0.84816
0.610585
1.1358
1.50899
3.20912
0.358277
2.71363
0.781125
1.47106
1.93938
0.595201
4.46011
0.636612
1.68738
2.02308
1.50805
0.488008
0.635414
0.504076
0.500082
0.653007
0.0838667
0.399442
1.251
0.619179
0.823591
0.493059
0.683936
1.58501
0.282365
1.33976
0.968578
3.31901
0.374008
0.566951
0.0743503
1.14864
2.32759
0.148508
1.69583
1.38069
1.12512
0.1203
0.406064
0.45521
0.2626
0.583823
0.82471
0.939204
1.2317
0.880947
1.06393
0.850908
1.54145
0.316732
1.1515
0.180502
0.035331
0.303084
0.535967
1.09946
0.554042
0.643286
0.674825
0.727104
0.406235
0.859709
2.07106
0.708561
0.710244
0.432148
0.654725
1.21928
0.981211
2.81841
1.88779
0.464227
1.03735
1.31868
0.116923
0.784762
1.87426
0.75321
1.1765
0.698512
0.757232
2.349
0.0876918
1.84387
1.10466
0.203987
0.26933
0.895027
0.13239
1.60394
1.20219
1.48516
3.03341
3.05868
2.17833
0.173064
1.35089
1.66486
0.301359
1.62948
0.535838
1.98454
0.317775
1.66165
0.245724
3.55223
0.596455
0.699379
0.788245
0.0460389
1.54899
0.410151
0.360251
2.02715
0.41849
0.697378
0.213631
0.492894
0.791368
1.60545
0.666635
1.37699
0.314373
1.48726
0.246093
1.5304
1.56294
0.473795
1.1013
1.04244
0.0866749
1.48647
0.46851
2.70208
1.25534
0.420488
0.38887
1.98615
0.943465
0.692567
0.57002
0.692404
0.164792
0.587467
0.375602
0.626096
0.0870713
2.38538
2.8359
1.14556
0.0760699
0.785715
1.05602
0.184539
1.4038
1.00919
0.664307
0.81638
0.715974
0.101232
0.68875
1.23028
1.63576
1.80452
1.40045
0.230378
0.477451
0.124262
0.366873
2.20343
0.835198
0.809927
0.654525
1.49778
0.0586176
0.442866
0.876222
1.11358
0.539962
0.736604
0.911246
1.09763
1.46336
0.598361
0.56622
0.19144
1.3664
0.760145
0.63774
2.22993
0.81208
1.05592
1.39958
0.566098
0.371048
0.754732
1.53462
0.628669
0.472729
0.552443
0.495445
0.241417
0.468576
2.27778
1.75407
0.909407
0.229375
0.286673
1.9035
2.18371
1.20975
1.14977
0.135117
2.87646
0.427856
0.0833375
0.970756
1.23795
0.69731
0.470555
1.03039
0.919155
0.6063
1.72734
0.706236
1.0769
0.301249
1.28463
0.513972
0.164207
1.10682
0.497808
1.87511
0.573369
2.53835
1.59844
1.77082
2.22183
0.835541
2.02054
1.16008
1.38521
0.920453
0.444071
0.540249
0.30846
1.12141
1.11925
2.4269
0.297863
0.499048
1.16887
0.335663
1.03072
0.931241
0.635099
0.42865
1.49013
0.907795
0.357637
0.279047
2.47057
0.314586
0.742363
0.544123
0.16651
0.740024
0.4392
0.272133
1.41251
0.449084
0.0829466
0.432736
0.459643
1.15362
0.932553
1.72373
0.36247
1.31412
1.46901
1.24838
1.03243
0.704815
0.324345
0.784036
1.50265
1.85662
0.973107
0.969204
1.50903
1.54381
2.12632
0.109236
1.39287
0.913569
0.622744
0.489324
0.293774
2.03135
0.78796
0.477653
1.4893
0.583406
1.19523
1.43772
0.940541
0.793841
1.86899
0.342777
0.551143
1.24054
1.30873
0.122712
0.229822
0.295723
0.471627
0.421133
0.454426
0.372924
1.36673
0.713399
1.68596
0.597914
0.613364
0.641966
1.75318
0.443075
0.221131
0.953145
1.35582
1.89768
0.198263
2.28363
0.505804
0.936211
0.699427
0.239388
1.34271
0.252762
0.155898
1.45518
0.351693
1.01444
0.867061
0.995756
0.747346
1.36561
0.813241
0.934883
1.03332
0.610005
1.18771
0.895785
0.681918
0.251592
3.64155
0.575712
1.69054
0.435061
2.01212
1.21361
0.343636
0.826414
0.135587
2.61692
5.19004
2.3392
1.16643
1.40885
0.579862
1.16448
0.789252
2.18633
1.58891
2.21833
0.19008
0.632182
1.68472
0.398277
2.19747
1.38805
0.177839
0.539409
1.28539
1.254
0.389113
1.73247
1.15712
2.30948
1.45826
0.149284
0.909881
2.46301
0.17902
0.888643
1.36981
2.09418
1.03405
0.796623
0.638792
0.302911
0.313494
0.562417
0.615122
0.501253
0.432209
0.37475
1.27982
1.41897
1.05181
0.124603
0.97482
0.499089
0.359496
1.17628
0.771695
0.466371
0.473141
0.469024
2.0143
0.913738
0.974556
1.47956
0.795039
0.610866
0.889298
0.872797
0.580315
0.238349
0.505543
1.04138
1.42498
0.067764
0.713105
0.782866
1.18594
1.18347
1.11847
0.501844
1.74921
0.32317
0.214015
0.581716
0.590651
2.07751
1.78731
1.31588
0.449905
0.793808
1.9284
0.331443
2.08082
1.78821
0.861738
1.23605
1.13524
2.85496
1.56592
0.872969
1.48847
0.910849
0.897127
0.137699
0.135157
0.102766
0.174185
0.136082
1.59921
2.00783
1.2728
0.584574
0.478682
0.129166
0.188422
1.34886
1.07743
1.65752
1.49348
2.15981
0.352907
0.102904
1.02532
1.08229
0.267467
2.40549
3.34084
0.2748
1.13315
0.751687
1.13314
0.659622
0.966472
1.08087
0.522506
3.41014
0.367709
0.393843
0.724265
1.36989
0.1915
0.883684
0.664453
2.16263
2.00765
2.15369
0.996967
1.27369
1.04128
1.89749
0.340476
1.38512
0.165025
0.527727
0.693144
0.515936
0.622341
1.08478
0.417074
3.46795
1.30586
1.90663
0.294741
0.931101
0.620148
0.511422
0.211322
0.936487
1.93904
2.26332
1.08116
0.144192
1.00326
4.62727
1.23867
0.63904
1.16776
1.13373
0.976503
1.32894
1.54934
1.35419
1.04088
1.91368
0.918503
0.575199
0.601945
1.59274
2.15972
0.514493
2.15383
1.44845
1.25092
0.660826
0.229739
0.694399
1.16703
0.771761
1.20804
1.38733
1.25936
0.441441
1.63857
1.44453
0.756346
1.48325
0.978008
0.431623
0.834495
0.430132
0.962109
0.387628
0.413883
1.67301
0.384534
0.920988
1.36835
0.636961
0.906997
1.89916
0.995314
0.627359
0.589415
0.657518
1.24099
0.698571
0.175273
2.04027
0.82373
0.24585
0.634793
0.0880035
0.4605
0.0646387
0.491098
1.13002
0.549483
0.800356
0.218744
1.17066
1.69506
1.37558
0.395368
0.37077
0.45356
1.84297
0.041938
1.41588
0.75388
2.02665
1.05457
1.54928
1.59671
0.772302
0.448928
0.707717
0.246408
0.330688
0.920631
0.484188
1.75454
0.847659
0.289204
0.0996743
1.71699
0.706861
0.617908
1.23451
1.01798
0.966986
1.40668
0.978921
0.382151
1.11311
0.983619
2.45429
0.176495
1.17169
0.260442
0.312283
1.65403
0.602769
0.568616
0.161291
0.557244
1.72188
2.31767
0.0860286
3.69837
1.0064
0.222992
0.975791
2.0357
1.22521
0.768231
0.84479
0.376913
0.492259
2.12
1.46922
1.20953
0.632506
5.05651
2.47706
1.0747
0.761218
1.34569
1.78936
0.370432
0.753892
0.719424
0.981174
0.0999156
0.996444
1.54694
1.13645
0.901027
1.44919
2.19457
0.760978
0.736144
0.522992
0.369485
0.505658
1.5566
0.663522
0.678995
1.07651
1.87788
1.32153
0.167558
0.835633
0.576112
0.512641
0.741783
1.65587
0.233206
0.458716
0.519783
1.00827
0.290142
2.99147
1.69581
1.2098
1.77454
0.838376
0.651552
0.57642
0.467813
1.55117
0.775047
1.76647
0.609309
1.33419
1.47541
1.38684
1.38663
0.661551
0.784771
1.11468
0.840426
2.09559
2.07348
1.3744
0.611605
0.816704
3.13666
0.404497
0.932208
1.95573
0.897817
0.239357
0.370632
0.267462
3.45253
1.40169
0.866795
0.471579
1.54514
2.33318
0.684517
1.26767
0.604557
1.43279
0.315453
0.403394
2.75056
1.36921
0.304054
0.549357
1.48248
1.56386
0.348013
0.590105
0.165852
0.593773
1.26184
0.624808
0.572432
1.14429
0.971078
0.699432
1.11941
1.52234
2.3788
1.68194
1.08057
0.570602
0.727054
0.271167
0.797979
1.21049
0.900044
1.35097
0.418946
0.555158
0.424916
2.3576
0.936626
0.432305
0.765846
0.849843
1.54651
0.75385
0.773079
0.79552
0.43428
3.03101
0.875051
0.880618
0.791871
1.76582
1.05574
0.474219
0.493492
0.99444
2.17428
0.426417
0.877405
2.01612
1.40599
1.21132
0.465787
1.01802
0.503072
1.1261
0.577085
0.457466
0.632765
1.32393
1.14151
1.15279
1.90131
0.347116
3.73812
0.792329
0.55186
1.59648
1.81796
1.29526
2.023
0.345149
0.929289
0.779187
1.84625
1.12487
0.364509
0.186094
0.973374
1.41006
1.35446
1.46596
0.870604
0.255301
2.10633
2.84482
0.893986
1.96334
0.458499
1.02388
0.639416
1.2758
0.686494
0.495397
0.174043
3.62254
1.10941
0.706507
1.69338
0.496371
0.510952
2.24412
0.517578
0.966462
0.740124
0.672755
0.711378
1.03279
0.44284
1.76578
0.90843
0.87551
1.05249
1.7599
0.76525
0.834208
0.964389
0.068785
0.387903
0.451107
0.513529
1.4855
0.382782
0.399856
1.55078
0.157116
0.415999
1.06509
0.783887
1.44869
0.477727
0.325464
0.225281
2.41811
0.441208
1.36564
0.378463
0.245254
4.63656
1.06529
0.52207
2.04688
0.501783
0.450893
1.66723
0.330647
2.48463
1.50986
2.67054
0.69917
0.878881
1.00583
0.465848
2.22577
0.581633
0.799204
2.74539
2.25298
2.1448
0.393063
2.91054
1.03291
2.27133
0.909598
1.92121
1.10806
1.79085
0.711108
1.22811
1.51566
1.65189
0.212518
0.390279
0.400581
0.770651
0.604976
0.430956
0.720226
2.6326
1.0641
0.976471
0.361624
0.945691
1.80957
0.280725
0.80436
0.617518
0.68969
1.88464
0.784048
0.151724
0.899718
0.369043
1.21721
0.411256
1.06828
2.45799
1.14813
0.793189
1.46084
1.65799
2.28347
0.783713
0.456526
1.38827
0.12542
1.53558
2.74928
0.269383
0.105535
0.38836
0.157318
0.651084
0.420876
1.28664
0.246762
2.39562
2.1622
0.200899
2.09341
0.805311
0.154488
0.826409
1.02597
0.472509
0.095382
2.85135
2.83925
0.158856
2.21943
1.09047
0.824576
1.32445
0.502214
0.436041
0.43326
0.21521
1.31104
4.23573
1.74901
1.05891
0.444095
0.983384
1.69382
0.27875
0.792893
1.49233
0.975331
0.957421
0.482621
2.4443
0.728088
1.02094
0.917897
1.18245
0.519196
1.69223
0.344995
0.459396
0.957919
0.915732
2.17001
1.31241
1.88328
0.378345
0.876515
0.61636
1.20019
1.7961
0.693745
0.196116
1.27337
0.751378
0.143571
0.661279
0.475328
1.34835
2.10362
2.15099
0.558814
0.741506
1.64867
1.36635
1.14397
0.170852
1.88787
1.05671
2.38302
1.49188
0.482967
1.43903
0.376504
0.534584
0.428375
0.383261
1.88804
0.3557
2.6446
1.16219
0.292571
0.579925
0.09397
2.2085
0.901313
0.749826
1.89222
2.0523
1.50379
1.10637
0.8504
0.709627
1.12497
0.989083
0.865509
1.75044
1.35993
1.17386
0.126005
0.985238
2.65129
0.410487
0.718382
0.717178
0.871206
0.0442953
1.59761
0.812805
0.336853
0.761859
1.26399
0.507155
0.763557
1.43388
0.913137
1.46803
1.623
0.288511
0.560173
1.36593
0.350246
0.461462
1.1737
0.249024
0.488765
0.800604
0.623621
0.151088
1.28564
1.1322
0.558087
1.58218
2.58582
3.06006
3.55364
0.0201599
1.33722
0.803624
1.15428
1.46506
0.128675
1.49302
1.44352
0.344383
0.852992
0.455599
0.281458
2.12912
0.573545
0.859808
0.381806
0.198528
1.83742
1.31035
0.906975
2.17716
1.33049
0.566765
3.80592
0.712789
2.78342
1.27977
2.38549
0.656392
1.57792
0.14449
0.256897
0.830342
0.532396
0.900778
1.99045
1.03525
2.17814
0.578034
0.323073
0.196617
0.609483
0.616111
0.134032
1.85143
0.182015
1.45059
0.868714
2.30399
0.207592
0.486642
0.0129969
0.297683
0.639853
0.928072
1.51553
0.270331
3.52051
0.668267
1.89586
0.190151
0.475506
0.781501
0.582793
0.604501
0.68141
1.17806
1.16652
0.415635
0.202615
1.57086
0.542378
0.125009
2.78025
2.67085
0.282465
0.313328
1.37329
0.24302
0.259583
1.32694
0.736588
0.63596
0.708471
1.40515
0.501775
1.05115
0.277436
1.59426
0.411515
2.33087
1.02421
0.685842
0.341007
0.478925
0.528484
0.525799
0.265847
0.411748
1.6538
0.384612
0.286641
0.965745
1.25251
0.730501
0.884014
0.678617
4.74416
0.509031
0.870499
1.7558
0.100934
1.9645
0.717258
0.362528
1.90029
0.906268
0.883316
0.468651
2.61973
0.664515
1.20047
0.590256
2.35128
0.578574
1.95273
1.81181
1.81425
0.594807
2.58599
0.709127
0.171569
0.181951
2.43031
2.18799
0.294997
0.0575001
0.723214
0.689716
0.630897
0.538013
2.28433
0.490464
0.567424
0.932116
0.543973
0.870794
1.54952
1.11528
1.29715
1.90929
0.391762
0.999485
1.48461
2.63787
3.14631
0.739444
0.421275
0.335156
1.37943
1.1393
0.152236
0.377056
0.194107
0.808072
3.41614
0.890092
1.4831
1.33749
2.77834
0.782669
0.467793
1.51963
0.685505
0.541802
1.32524
0.597663
1.246
0.288631
1.34078
0.44311
1.14363
0.351474
2.37098
0.488008
0.211577
0.0708656
0.909392
0.788254
2.87866
0.164897
2.94446
2.88692
0.64091
0.656523
1.19959
0.75187
1.52418
1.95944
0.950733
1.03976
1.44238
0.648247
0.648136
0.626253
1.08476
0.877155
0.0781548
0.634747
1.40906
1.80029
1.06227
0.850733
2.53642
2.17743
1.26175
3.90528
0.626447
4.06027
0.927065
1.58081
0.393994
0.921615
0.338859
0.285309
0.535566
0.914481
1.57078
0.632631
1.6794
0.465156
0.772894
0.743759
1.04023
0.99333
1.37452
1.18734
0.824808
0.892052
0.60448
0.374429
0.60368
1.21325
1.02634
1.49385
0.852695
1.57978
1.15308
0.625916
0.63684
0.701978
0.162118
1.77201
0.721663
1.1717
1.40989
2.49661
0.494579
1.262
1.84802
2.59066
2.93939
0.27789
0.459468
2.1183
0.383134
0.844659
1.19197
0.243826
1.42491
0.884594
0.844225
1.10426
2.42253
0.67856
0.771708
0.390488
1.06553
0.849969
0.569718
0.637777
0.309245
0.826127
0.641603
0.878839
0.962473
1.13122
0.805578
0.467225
1.14793
2.66688
0.750964
1.50257
1.91465
0.27493
0.281184
1.9067
0.255758
1.25321
1.11453
1.79002
1.15208
0.416221
0.759445
0.7328
0.713731
0.607834
1.23428
0.503583
1.0428
1.20722
0.658724
1.3667
0.993019
0.703709
1.18145
0.473815
0.557459
0.483854
0.280229
0.61153
1.83835
0.845673
0.220517
0.536847
0.0115819
1.56526
1.74322
1.40202
2.74027
0.622696
0.42944
1.20821
0.995233
2.08476
0.314754
0.776874
0.748541
0.637263
0.386995
0.434198
2.12241
0.825843
1.88632
0.17744
0.957375
0.745326
1.9833
0.590431
0.552112
1.72552
0.907935
1.44517
1.2541
1.83822
0.455142
0.0199992
0.835109
0.627464
1.50336
0.410485
0.558716
1.47102
0.2561
0.386821
0.630596
2.41441
0.944816
0.0787243
1.04149
1.22414
2.04116
0.646049
0.850483
1.91099
0.409234
1.95687
0.818013
0.457753
1.64473
0.921867
2.26134
0.694264
0.165056
1.50084
1.46632
0.29404
0.46114
1.04382
0.095706
2.889
1.23488
1.46021
0.635554
0.816065
0.311449
0.438587
0.165398
0.848053
2.41187
0.543543
1.70027
0.656702
0.474958
3.00053
1.72012
1.84557
0.293702
1.83072
1.21949
0.693252
0.890065
0.571904
1.80822
0.955253
1.53786
0.782779
1.59443
0.659975
0.267164
2.8559
0.0795618
1.66159
0.20097
0.428603
0.877391
0.287943
0.992768
2.42701
0.909209
1.1394
0.347585
1.1299
0.788438
0.559549
0.420729
1.16748
0.684082
1.30702
1.17174
1.14968
0.106226
1.02319
1.48054
0.0571018
0.398721
0.165123
0.387739
0.864342
1.06251
1.17775
1.30945
0.577998
0.161035
1.38839
0.31838
0.369786
0.470784
0.724584
0.911645
0.32263
0.271457
1.71286
1.03985
0.39849
1.00986
0.870608
0.290618
0.359815
1.13907
1.98768
1.15428
0.828442
1.63097
2.74196
0.647931
1.10404
1.64674
1.15499
0.910334
0.386571
1.05378
1.36039
0.191418
1.18498
1.39241
1.43094
0.691096
0.908859
0.807133
0.724996
0.630925
2.24623
0.384168
0.407059
0.347162
1.44697
0.884954
0.328074
1.14699
0.129937
1.34744
0.137715
2.55401
0.571569
0.67154
0.842736
0.766546
0.791278
0.719183
1.08184
1.42656
0.731812
1.44574
1.14757
1.32124
1.79105
0.149895
0.33714
2.01329
0.763124
1.42457
1.0685
0.991627
2.47399
0.256875
1.03163
0.328947
1.29691
0.761734
0.113996
2.09092
0.370058
0.290791
0.724227
0.688743
0.776858
0.435489
0.0662352
2.34511
1.11067
0.0357693
1.70848
0.478625
0.877494
0.200801
0.303779
0.440841
0.612997
1.30451
1.73468
0.720182
0.860783
0.864694
0.329358
0.254668
0.398253
0.2767
2.71704
0.746646
0.322019
1.35092
0.445702
3.0731
1.68459
1.6402
1.19697
0.734212
0.712591
0.595621
0.973372
1.60121
1.83793
0.23814
1.10347
1.77786
1.61021
0.10168
0.919801
0.323996
1.39143
1.06362
0.889909
1.04494
0.470712
0.749653
0.674545
0.820142
0.447276
0.405592
1.66026
0.581477
1.02958
2.22282
1.09348
1.73593
1.38157
2.08944
1.8907
1.15194
1.89148
1.25681
0.89026
0.887763
0.699502
0.506309
1.58152
1.37561
1.57207
0.552326
0.0792253
0.578598
1.29264
0.617538
2.09759
0.553359
1.38098
0.21376
1.4497
1.19059
2.57186
1.31461
1.37324
0.224403
0.337969
0.588283
1.15465
0.115831
1.85485
0.460025
0.650184
0.797962
1.53687
0.668215
0.636923
0.257325
0.729255
0.383026
0.390432
0.617042
0.290466
2.17828
0.935152
0.571715
1.6475
0.316262
0.613035
2.72336
1.44293
1.2725
0.864038
0.578144
0.456232
0.244502
1.44805
3.2417
0.672796
0.289173
0.389733
4.00832
0.94569
1.39596
1.00566
1.53694
0.695866
0.63701
1.95222
0.343419
0.153565
0.280838
0.132012
0.0352246
0.51866
0.572774
0.810246
0.784075
0.558279
0.118763
0.392594
0.785465
0.107067
0.589408
1.90608
1.24182
1.01575
1.31248
0.760842
0.0932481
3.66653
2.23974
0.618123
0.428174
0.48486
0.68342
2.17245
0.85705
1.48585
0.543743
0.498687
2.68144
0.638123
0.430149
1.38314
0.14635
0.531194
0.157914
1.0615
1.6944
0.802338
1.22581
0.939159
0.347917
1.05947
0.595886
0.291064
1.00466
1.27061
1.18988
0.725778
0.610949
1.07528
0.828305
1.24843
0.9402
0.913534
0.682233
2.37732
0.352617
0.53379
2.2642
0.938331
0.288783
1.1087
1.02813
0.318158
0.980162
1.02868
1.49778
0.63835
0.114936
0.945833
1.86955
0.768002
0.74127
0.401999
1.41939
0.849253
0.638185
0.87555
0.822455
0.769093
0.523862
1.54951
0.280892
1.05845
3.07148
0.362628
0.494618
2.1084
0.190429
0.430675
0.605936
1.12955
1.04704
0.370473
0.881759
1.2771
0.308815
0.406749
0.252169
2.14156
0.822578
0.243926
0.972453
0.839335
2.97764
0.779482
1.90943
1.3138
0.478647
0.693696
1.11684
1.84416
1.33227
1.36747
0.841311
0.607175
1.10524
0.544583
0.0865053
0.481063
0.902634
0.899752
0.795595
1.07671
0.910221
0.747764
1.27292
2.63669
1.1609
0.927805
0.823598
1.08537
0.542318
2.7122
0.359677
0.900215
0.273189
0.875441
1.98133
1.64985
0.861398
0.472851
1.89374
2.73033
2.03976
1.26864
1.90842
2.15391
0.927618
1.29192
1.07119
2.10317
0.972391
0.400798
0.680525
1.33878
2.46475
1.96108
0.129613
0.0826243
3.0616
0.825809
0.997986
1.5096
1.55357
0.279582
1.32125
1.2711
0.375936
0.531508
0.849193
0.478478
1.10139
0.685173
0.696441
1.97515
1.39623
1.59337
2.01004
0.634174
0.227813
1.30232
0.342046
0.684017
0.26268
0.186555
1.97614
0.681964
0.997238
0.373381
2.14143
2.71968
0.800972
0.169296
1.74433
0.569252
