0.998084
1.50463
2.09084
1.2542
1.44586
0.765096
1.04284
0.680924
1.08487
1.53328
1.52951
1.0594
1.10678
1.06775
0.993262
1.00976
1.09465
0.934108
1.36637
1.35926
0.816257
0.673451
0.978783
1.49279
0.577929
0.548683
1.13826
0.849537
1.06575
0.964289
1.0741
0.943281
1.93788
1.39859
0.944262
0.431593
0.697942
2.03657
1.47945
0.968799
1.366
0.548547
0.906723
0.857968
0.895613
0.402505
1.64087
0.387651
0.543466
0.974969
0.62301
0.549601
0.931445
0.986237
1.34363
1.06779
1.21368
1.91489
0.983752
1.12064
0.525272
1.22303
0.764677
1.24154
0.497145
0.53256
1.04615
1.10653
1.57262
1.08549
0.334299
1.15998
1.16437
1.14027
1.25227
1.03487
1.4598
1.13935
0.654059
0.87947
1.35124
1.05749
0.629188
1.18264
1.34731
1.1443
1.35
1.04584
0.46743
0.791556
1.03618
0.433217
1.24469
1.18002
0.773508
0.684257
1.04243
0.516987
0.95959
0.478166
1.26652
0.711831
0.595175
0.964506
1.33058
0.956092
0.844188
0.980349
0.828723
1.00567
0.967255
0.931244
0.90889
0.800595
1.30936
0.699716
0.932172
0.99539
0.432282
1.15503
0.706364
0.423646
1.14423
0.917549
0.706465
0.531131
1.51164
1.07251
1.42268
0.661709
1.07075
1.2583
0.933906
1.17692
0.770783
2.05944
1.3795
0.741035
1.66084
0.9428
1.32684
0.811586
1.06738
0.929356
1.45427
1.00634
0.82977
0.950605
0.957128
1.18624
1.64999
0.804255
1.30046
0.681649
1.25725
0.365046
0.794619
0.766795
0.876834
1.20195
0.966038
0.803986
0.756311
1.19744
0.944148
1.15739
1.85148
1.54877
0.933857
0.947704
0.986019
1.7105
0.648554
0.364346
0.830762
0.901424
1.23296
1.60493
0.992072
1.02209
0.752643
0.633546
0.671694
1.12122
1.19873
1.03187
0.84436
1.48725
0.699227
0.619852
0.903513
1.36608
0.56839
1.88795
0.632018
1.20814
0.466129
1.20312
2.10989
1.01447
1.02979
0.811794
0.725975
1.26801
1.38977
0.474744
0.877452
0.527362
1.38987
1.4557
0.639194
0.713715
0.892597
0.543501
1.56586
0.713031
1.15136
1.7024
1.42312
1.2723
1.5266
0.452655
0.9277
1.11546
0.504332
1.11065
0.739943
1.39707
0.601451
0.796955
0.685468
0.791549
1.03659
1.05331
2.02166
1.37012
0.357127
0.373087
0.988329
0.673093
0.604064
1.21211
1.42343
0.699182
0.914884
1.0137
0.930763
1.43982
0.809265
1.06292
0.803713
0.982998
1.03839
1.9205
0.709358
0.855699
0.74813
0.850725
0.725299
0.588842
1.04447
1.36627
0.695791
1.18861
1.5847
1.48207
1.00394
1.12064
0.79142
0.961855
1.2587
0.947802
1.65345
1.13596
0.974089
1.22316
1.15418
0.511254
0.951856
1.48671
1.15319
0.587774
0.914966
0.837079
1.26358
0.890147
0.850997
1.88781
1.57913
1.12634
1.22285
0.90719
0.850187
1.57642
0.848492
1.12188
1.00654
1.19573
1.31012
1.28582
0.716995
1.0543
0.725174
1.23009
0.590536
0.816476
0.996748
0.84311
0.726905
0.798908
0.753981
0.83872
0.623835
0.928684
0.792401
1.07617
0.983906
1.28821
0.652468
0.780724
0.614129
0.721103
0.617169
0.988992
0.580901
0.476458
0.621048
0.71363
0.881564
0.348394
1.26138
0.964646
1.29498
1.43005
0.837137
0.920359
0.947752
0.933514
1.05713
0.820048
0.967174
0.899997
1.49344
0.82117
0.449497
1.18932
0.887805
1.44224
1.09812
0.815919
0.892439
1.52062
1.48192
0.782216
1.27118
0.74006
0.831766
1.07083
0.93713
0.924161
1.03242
1.63009
1.081
0.900265
0.896158
0.897803
1.17785
0.515499
1.00631
1.13734
1.16726
0.652018
0.703173
1.0443
1.07692
1.17451
0.834507
1.07399
0.70727
0.604837
1.78801
0.82758
0.880088
0.847744
1.1654
1.37737
1.23993
1.59216
1.03423
0.913977
0.648002
1.7697
0.996514
0.962008
1.25752
0.645505
1.02278
1.2757
0.566519
1.61131
0.784476
1.08149
1.45455
0.581074
1.45756
0.893032
0.714204
1.25601
1.25575
1.53759
0.381957
0.918658
1.10914
1.05714
1.46346
1.19543
0.832796
0.691561
0.969894
1.5036
1.61995
1.10568
1.15961
1.04843
0.786606
1.69603
0.922909
0.828897
0.782763
1.45524
0.750418
0.87936
1.38305
1.7267
1.10433
0.684763
1.12016
0.493396
1.41228
0.319164
1.36866
0.941806
1.27326
0.696029
1.25255
1.40481
1.02898
0.493678
0.889398
0.944721
1.01048
0.591583
0.631097
1.26176
1.67268
1.44545
0.783384
0.832149
1.17572
1.18986
0.913589
1.74528
1.18072
1.48251
1.0954
1.4382
1.15113
0.673909
1.01706
0.569561
0.606009
0.794677
1.59392
0.994428
0.651739
0.900127
0.607662
0.865052
0.875741
0.592274
1.19903
1.11841
0.994703
0.852557
0.982117
0.801752
0.913826
1.18695
1.14082
0.84312
0.581349
1.21323
1.24707
1.08908
1.15225
0.879347
0.802602
0.796142
1.08
0.757262
1.35337
0.665349
1.21676
1.33366
0.671246
1.03469
1.46722
0.952228
0.46166
1.49236
1.19922
0.710511
1.04999
1.03944
0.583949
0.878624
0.999479
0.896595
0.69172
1.04506
0.783394
1.20286
1.38898
0.553381
0.727444
1.36396
0.989527
1.09809
1.36951
0.958282
0.84781
0.984563
0.52159
1.59262
0.675469
0.704778
1.17348
0.605743
0.820726
0.89168
0.861465
0.888979
1.93205
1.0226
0.700292
1.75204
1.46947
0.718603
0.961209
0.979061
0.675529
0.82711
1.7708
0.646716
0.790985
1.11415
1.27423
0.87565
1.15072
1.59672
1.28319
0.925309
0.954677
0.469844
1.25598
0.42585
0.957112
0.517074
0.491969
1.31838
1.03105
0.787133
1.03488
0.518041
0.618406
1.59977
0.970242
0.870582
2.09562
1.4685
1.32124
1.11147
0.823044
0.960803
1.70219
1.05989
0.771186
1.20934
1.43414
0.792072
0.967271
0.804132
1.111
1.04805
1.08948
0.428311
0.877049
0.834235
0.766117
0.767716
0.903139
1.30395
0.644697
1.29845
0.902833
1.79822
0.34638
0.971892
1.04499
0.568242
0.609126
1.29233
0.796662
1.42267
1.4355
1.51457
1.27084
0.98702
0.817719
1.09528
0.877586
0.566251
0.616595
0.957435
0.624515
0.858704
1.13173
1.05412
0.724372
1.40807
0.549214
1.16215
0.828761
0.623068
0.860655
1.29787
1.14423
0.844915
0.937821
0.698904
1.27056
0.989054
0.432671
0.865781
1.00967
0.753396
0.447377
1.90571
1.21483
0.747934
0.667315
1.00196
0.598592
2.41906
0.981713
0.920895
0.709649
1.09545
1.03085
0.876813
0.844487
1.32988
1.00939
0.827905
0.741951
0.732881
1.96874
1.23024
1.21577
1.00654
0.741536
0.84934
0.598446
0.850232
0.712241
1.30245
0.83273
1.26024
1.21519
0.758574
1.05589
0.80728
0.860741
1.0615
1.0459
1.12509
1.04156
0.804716
1.00497
0.616399
0.799991
0.668217
1.14218
0.705719
0.818523
1.09431
0.855933
0.78672
0.700207
1.66195
1.07492
0.983264
0.743257
1.26452
0.674852
0.761773
0.769954
1.38721
0.92659
0.732126
1.33191
0.431252
1.5246
0.933303
1.07665
0.939747
0.567084
1.87808
1.24332
0.912161
1.80158
0.495062
1.04488
0.759995
0.924315
0.532627
0.859398
1.19934
0.820243
1.45993
0.921197
1.1652
0.905475
0.90691
1.07342
1.23544
1.13287
0.610905
1.56704
0.827493
1.0556
0.593184
1.14029
1.12058
0.473593
0.888383
0.960482
1.17134
0.748838
0.432978
0.901252
0.999748
1.37554
0.870743
0.676129
1.37283
1.58723
1.42685
1.42921
1.36023
1.44841
0.58095
1.0017
0.551845
0.805974
1.09289
0.912438
1.07642
1.57975
1.39102
0.605097
1.3734
1.28297
1.19333
0.907573
0.774593
1.09485
0.548105
0.697723
1.05795
1.05506
0.940137
0.601572
0.899115
0.781769
1.0075
1.28897
1.46496
0.658272
0.516654
1.31617
1.20131
1.20138
0.822657
1.08381
1.03388
0.864098
0.542879
0.790611
0.76131
1.47041
0.958193
1.08783
0.963374
1.04945
1.61188
1.11958
1.04322
1.0163
0.862157
0.802165
1.66063
0.822096
1.07122
1.13929
1.01766
0.377403
1.06328
0.946771
0.950902
0.766913
0.999866
1.34718
0.66818
0.709972
0.739438
1.01586
1.056
1.00435
1.32284
0.662586
0.919592
1.04784
1.14787
1.06136
1.22891
0.855017
0.718433
1.25073
0.370552
0.452418
0.814633
0.939621
1.19664
1.09465
1.37252
1.50198
1.29726
1.6342
0.776583
0.969883
0.823738
0.51969
1.0265
1.08129
1.07968
0.539081
0.973357
0.945425
0.960355
0.958804
1.07079
1.00553
0.712964
1.17657
1.01806
1.50079
1.07213
0.961051
0.736275
0.543648
0.691362
1.65186
1.49022
1.19565
0.552745
0.766508
0.960498
1.39069
1.14289
0.872969
0.508733
1.18518
0.745707
0.602426
1.38543
1.46647
1.06479
0.792046
0.52734
0.586948
0.85122
0.742567
1.05823
1.63347
1.05425
1.22019
0.939252
1.38989
1.14904
1.1773
1.15426
0.798852
1.19203
0.781581
0.973533
0.910344
0.90957
0.807751
0.639119
1.13434
1.3943
0.952252
0.613958
0.619671
1.35521
0.515254
0.764758
1.09822
0.646327
0.932377
1.20107
0.515076
1.50169
0.544263
1.00842
0.908874
0.98198
0.903052
0.772087
0.678964
0.445195
1.45279
0.79671
0.838447
1.00914
1.31023
0.395054
0.786515
1.26109
1.07031
1.04819
0.888672
1.0406
0.778498
1.39112
1.10391
1.35704
1.52852
1.23214
1.03916
0.58728
0.815315
0.856472
0.98554
0.917736
1.2963
1.00268
0.634419
1.71662
0.87077
0.983704
0.824613
0.963154
1.75797
0.777186
0.998977
0.931799
1.79188
1.05837
1.18409
1.08365
0.920548
1.04918
0.704823
0.769535
0.812273
0.749651
1.02263
0.899495
1.39919
1.02978
0.62008
0.56788
0.977563
0.497636
0.507435
0.806389
0.947011
0.767847
0.792586
1.98966
1.26165
1.00135
1.34827
1.01807
1.0214
1.05767
0.736809
1.05952
1.7749
0.712961
1.01576
0.890156
0.837617
0.720278
0.747965
1.04996
1.26712
0.711293
0.609212
1.2483
1.53485
0.891644
1.13651
1.51719
0.830624
1.23515
1.05574
1.01855
0.807969
1.31959
0.693901
0.9018
0.882926
0.713261
1.3156
1.15344
0.783715
1.06554
1.11635
1.40208
0.653926
0.713071
0.699714
1.08372
0.789498
1.26852
1.2353
0.960451
0.68665
1.33227
0.949944
0.997662
1.75419
0.857117
0.800592
1.0595
1.25059
0.966399
0.815147
1.02663
1.6527
0.898897
1.20114
1.28425
0.705086
0.94948
1.17857
0.981837
1.0038
0.554845
0.639435
0.856542
0.999706
1.33672
1.47239
0.817751
0.743969
0.849983
0.662925
1.16286
1.08514
1.03133
1.10182
1.3922
0.808592
0.504239
0.607351
1.3868
1.19611
1.5737
0.769961
0.882542
1.3035
1.54475
1.20112
1.03078
1.2136
0.521153
0.8234
1.16034
1.14014
1.48605
1.06739
1.38259
0.704596
1.13827
1.05367
1.76821
1.16128
1.08561
0.675767
0.990082
0.854772
1.01802
0.874403
1.45472
0.798802
0.767965
1.11054
0.968837
1.45311
1.4589
0.865443
1.33335
0.771676
0.765977
0.918113
0.794901
0.63738
1.01279
0.542382
1.17323
1.07582
0.777874
1.03429
0.686093
0.825074
1.04544
1.15499
1.31151
1.1227
1.01458
1.09166
1.4201
1.71383
1.22928
0.909833
0.730301
0.91511
1.08677
1.13418
1.23866
0.812739
1.42272
1.21071
0.987857
1.00214
1.192
1.12163
1.20255
0.48303
0.800773
1.02809
1.05057
0.693579
1.30624
1.08026
1.2159
0.812438
1.50839
0.798094
1.07824
1.06746
1.29527
1.43589
0.605714
0.987757
0.642399
1.38097
1.54237
0.839056
0.980906
0.914223
0.807753
1.22848
0.431195
1.05625
1.33163
1.21623
0.709792
0.48897
1.03305
0.844534
0.974462
1.11776
1.1553
0.509042
0.837933
0.58831
0.942174
0.970788
0.922496
0.752327
1.12563
0.939722
0.917776
0.967212
0.893668
0.855345
0.884358
1.15566
0.847004
0.751196
0.888245
1.16821
1.14414
0.777539
0.852447
0.809477
0.870003
0.724383
0.650879
1.24858
0.614525
0.964786
1.44518
1.07926
1.21506
1.24467
0.647792
0.538272
1.11051
0.735905
0.972077
1.06449
0.966929
0.610336
1.08338
1.10693
0.863923
1.41254
1.12301
0.713198
0.6912
1.37009
0.871491
1.10227
1.0527
1.42888
1.26008
1.43663
0.912297
0.784363
0.777187
1.13536
1.15441
0.534893
1.31231
0.728979
0.677503
0.632575
1.00674
0.799495
0.887
1.27325
0.973336
0.512978
1.41068
0.607938
0.866595
1.22511
1.12122
0.783328
0.757407
0.74215
0.71419
0.752124
1.03201
1.17331
0.92383
0.823729
1.0895
0.831233
1.00601
1.09846
0.447585
0.657279
1.63635
0.544944
0.900774
0.991508
0.822713
1.00543
0.595521
0.753274
0.960955
1.01545
0.480786
0.614473
1.08277
1.21821
1.0388
0.872665
0.565814
0.919611
0.71931
0.983622
0.841196
0.957517
1.02094
0.72136
1.43669
1.07596
1.01011
1.41678
0.799479
0.752469
1.41809
0.503724
1.06572
1.45014
0.814017
1.40707
1.12195
0.833096
0.892615
0.868662
1.38246
1.07936
0.829161
0.896909
0.551257
0.727554
0.67028
0.934977
1.28968
0.751948
0.663063
0.957765
1.08566
1.05533
0.54157
0.814661
0.878334
0.989933
0.625212
0.330538
0.921323
1.46289
1.29434
1.15746
1.10052
0.684526
1.43011
0.750707
0.56458
0.947925
0.443218
1.26275
0.979934
1.79917
1.35738
0.649569
0.618519
0.798532
0.735037
0.966932
0.910505
1.43807
1.2901
1.12451
1.12283
0.412031
0.843415
0.605386
0.685617
1.73515
0.640825
0.975653
1.08642
0.583377
1.04234
0.678075
0.855023
0.773254
1.19413
0.703961
0.833127
0.83054
0.720032
0.691304
1.12566
1.10029
1.82224
0.83845
0.948607
0.967091
1.0635
0.694734
0.70638
0.889429
1.95832
0.792015
0.375496
1.11952
0.519658
0.83546
1.69287
0.837221
0.714281
1.08386
1.47248
0.891178
1.43829
1.37376
0.861613
0.537376
0.99055
1.15744
1.1876
0.979739
1.3822
0.868013
1.02923
1.26423
1.06474
1.18127
0.882185
1.23527
0.888308
0.762188
0.771707
1.47503
1.56111
1.38484
0.93293
1.0414
1.5657
1.1376
1.1434
0.257376
1.15239
0.825394
1.82305
0.580295
1.42804
1.40745
0.950967
0.769172
1.28312
0.561064
1.10642
0.928526
0.663731
1.25887
1.26113
0.74184
1.47
0.584772
0.830077
1.7103
1.1033
1.17355
0.785241
0.865162
0.78996
1.26042
0.919486
1.07161
1.27303
1.03537
1.09528
0.784037
0.52839
0.972089
1.17459
1.02469
0.781973
0.986501
0.788641
1.51718
0.934317
0.59678
1.32421
0.906948
1.04836
0.906977
0.907671
0.945671
0.737931
0.956172
1.27615
1.07213
1.68767
0.531775
1.02307
0.70569
1.28891
1.34113
0.606193
0.690277
0.75138
0.852582
0.878544
0.487292
0.973382
0.719427
0.647227
0.830567
1.3194
1.57712
0.837489
0.804481
0.933141
0.718851
0.724301
0.961785
0.867698
0.847036
1.94345
0.790049
0.521777
1.0206
1.22972
0.708005
0.85211
1.1821
1.50407
1.23971
0.936042
1.12838
0.8364
0.445042
0.925806
1.11829
0.683879
1.52568
0.896851
0.837125
1.54245
1.06167
1.59021
1.14252
1.01288
0.875832
0.854133
0.411832
0.457696
1.1699
1.45781
1.39376
0.642873
0.662062
0.421207
0.849992
0.971328
0.588752
1.41404
0.868348
0.861086
1.48702
1.25728
0.917911
0.655743
1.01207
0.961955
0.98561
0.734062
1.23341
1.00548
1.15185
0.619097
0.660868
1.86756
1.10996
0.955696
0.960815
0.784599
1.74494
0.982365
1.59589
1.65572
1.12009
1.32418
1.01472
0.828806
0.479784
0.955474
1.47903
0.706279
1.28981
0.898582
1.00163
0.851616
1.45588
1.07915
1.3019
1.46107
0.508613
0.937316
1.18691
1.04059
0.817696
1.31096
1.13658
1.16466
0.899629
1.46092
0.946399
0.857301
0.75972
1.27852
0.568104
0.881454
0.919917
1.25235
1.12851
1.81541
1.3577
0.994492
1.07903
0.887051
0.985569
1.91394
1.09925
0.854528
1.16552
0.705568
0.968879
0.832562
0.758499
1.04163
0.837373
1.0381
0.943091
0.703112
0.817823
0.983302
0.798026
0.577058
1.15954
1.32388
1.11922
0.957926
1.18634
0.777665
0.622376
0.408541
0.646047
1.22403
1.03392
0.78367
0.70659
0.573907
1.31047
0.952395
0.556877
0.771394
0.790678
0.893021
0.811038
1.44221
0.955551
1.20699
1.23443
1.07156
0.537107
0.897946
0.891537
0.80926
0.541223
0.598851
0.922424
0.676264
1.45191
0.979693
1.1553
0.608732
1.26963
1.41056
1.10276
0.590389
0.684873
1.01557
1.03622
0.615715
1.55792
1.03596
1.03285
0.90222
0.755184
0.699437
0.60901
0.969829
0.781479
1.25081
1.58173
0.731268
0.527121
0.945525
1.598
0.493583
0.762892
0.559875
0.813227
0.740696
1.3116
0.847481
1.23991
1.15985
1.05618
0.893496
0.954015
0.869152
0.814576
1.34729
0.73945
1.16916
0.815334
1.22275
0.703096
0.533216
1.26478
0.856202
0.702213
1.07926
1.05535
0.718846
1.10524
1.19479
1.48642
0.913752
0.83771
0.622171
1.17888
1.38355
0.669738
1.10312
0.754885
0.922551
0.910201
0.942625
0.564922
0.768618
1.33647
1.58556
1.32055
1.21511
0.539118
0.756389
1.17067
0.809884
0.897996
0.741945
1.05702
1.44063
0.759398
0.970377
0.628058
1.59263
0.67481
1.8699
0.843499
1.69892
1.08557
1.08834
0.314113
0.873933
0.998568
1.62762
1.62726
1.30649
0.642935
0.829424
0.868693
1.09976
0.754997
0.620091
0.611989
1.0803
0.706909
0.711661
0.982981
0.743882
0.724984
1.73916
1.01219
0.946943
1.6401
0.688015
1.23371
0.995581
0.742636
0.931911
1.14799
0.606895
0.661893
0.732887
1.02945
1.74311
1.06273
2.12352
1.11427
0.94061
1.25978
0.793558
1.26526
0.673335
1.48487
0.785829
1.31507
0.541726
1.2711
1.62607
0.889704
0.731516
1.37238
1.7048
0.846199
1.00436
0.565679
0.340581
0.715444
0.867083
0.941135
1.0335
0.873635
1.47827
1.37785
1.10392
0.774555
1.93781
0.471288
0.770481
0.957259
0.75411
1.13117
0.707314
0.98103
1.46978
0.884073
0.458687
1.32645
0.779956
1.1791
0.87086
0.671546
0.655306
0.316268
0.849408
0.823809
0.871561
0.915662
1.13967
1.35719
0.749072
0.746098
1.2764
0.840744
1.40302
1.23721
0.739588
0.625901
0.999097
0.666775
0.685651
0.978552
0.999542
1.0857
1.33508
0.681788
1.27492
1.09041
0.795277
0.937318
0.872662
0.437785
0.82981
1.12899
1.07262
2.74937
1.10525
1.09824
1.95423
1.01767
0.924476
0.846778
0.911422
0.515663
0.512703
1.66992
0.995064
1.09993
0.963384
1.60007
1.06232
0.526356
1.35674
1.57105
1.32366
1.28965
0.557582
0.995281
0.943663
1.0212
1.03
1.21604
1.33132
0.986601
1.62423
1.34348
0.603258
1.31245
1.06917
0.706825
1.18429
1.25533
0.822464
0.678886
0.621912
0.472656
0.760871
0.674113
1.02165
0.884087
1.51824
1.0643
0.825547
1.20269
0.8867
0.671248
1.33065
1.26211
0.869844
0.842071
1.41946
1.02993
0.732958
1.22323
0.936111
1.59803
0.807269
0.905061
1.6698
1.19065
0.75508
1.30987
1.12781
0.909883
0.671905
1.07283
1.30083
0.555201
1.25071
1.00233
0.817593
1.26317
1.83333
1.07355
0.724766
0.727274
0.542133
1.06605
0.69612
1.13817
0.627657
1.54945
1.01324
0.821503
1.14955
0.979408
0.562534
1.04534
0.877807
0.772603
0.766218
0.727774
1.14764
1.33464
0.34816
1.05993
1.39977
1.29138
0.628383
2.30318
1.10658
0.668664
0.844487
0.969102
0.94122
0.677288
0.590381
0.952639
0.928575
1.29584
1.26785
0.598693
1.26045
1.11241
1.06072
1.10907
1.15606
0.91082
1.11236
1.26033
1.48727
0.627376
0.643853
0.964248
1.79792
0.584478
1.32074
0.694373
0.820766
1.23526
1.44131
0.735876
0.818145
1.39096
1.16248
0.983907
1.0209
1.16106
0.810165
1.91471
1.2712
0.608137
0.625581
0.951206
1.83012
0.575155
0.65522
0.973386
0.787171
0.736906
0.599461
1.23226
1.13038
0.810261
0.998266
1.04467
0.981274
1.25822
0.562595
1.43134
0.762934
0.96736
1.34875
0.459215
1.41418
1.08169
0.707641
0.698497
0.756067
0.952567
0.772757
0.448833
0.61702
0.478819
1.46773
0.759265
1.37621
0.900132
0.704349
0.889073
1.111
0.935626
1.32762
1.45944
0.850005
0.724024
0.688283
1.45011
0.863751
0.816503
0.706556
0.917778
1.34811
0.820209
1.14058
1.24884
1.47798
0.840742
0.848667
0.920612
0.906705
0.692368
1.0379
0.991329
0.749598
0.758013
0.496607
0.479015
1.24339
0.586123
0.628194
0.717039
0.836278
0.965973
1.18378
1.29056
1.01173
1.07682
1.31838
1.18806
0.872555
0.854204
1.04473
1.07219
0.914314
1.41456
1.05064
1.15279
1.41959
1.18111
1.10657
1.43798
2.20955
0.727549
1.57685
0.984059
1.09587
1.53746
0.465845
1.15891
1.11913
1.4463
1.11609
1.09887
1.29986
1.43288
1.39694
1.27139
1.73479
0.851581
0.933775
1.19626
1.51382
0.802639
0.9928
1.2699
0.806828
1.10342
0.791437
1.2787
0.747901
0.953043
0.669765
0.725122
1.4926
1.24284
0.72305
0.720234
1.37298
1.09429
0.706391
0.883304
1.10983
0.603586
1.07692
1.12682
0.816751
1.74455
0.762189
0.879452
1.10498
1.25263
0.85032
0.856809
0.906658
1.46393
1.11324
0.821818
0.777999
1.55304
0.728136
0.823041
0.831282
1.1115
1.00364
0.621923
1.0239
1.65026
1.00504
1.07904
0.752488
0.677181
1.87311
0.650534
0.680764
0.659165
1.08169
1.04776
0.531833
0.647129
1.42232
2.14664
0.979208
1.48537
0.839456
0.76859
0.615163
0.747617
0.923341
0.817197
0.644582
0.321739
1.12659
0.822285
1.27367
1.14781
1.35339
1.07591
0.772784
0.986203
1.14248
1.25567
0.664086
0.62496
0.760213
1.4525
1.15987
1.07335
1.13184
1.23473
0.976998
1.15637
0.898109
0.660534
0.995011
1.07677
1.12934
0.83143
1.23465
0.561377
0.860004
1.07419
0.788495
1.28271
1.22263
0.696735
0.934239
1.40669
0.673181
1.28418
1.05524
0.858112
0.87015
0.969559
0.939282
0.957028
1.22761
0.944749
0.789591
0.976781
1.41921
1.36328
0.618597
1.35641
0.655989
0.692935
1.44509
0.97431
0.755183
0.78231
0.661976
0.964774
1.05709
0.896317
0.267266
0.92233
1.76458
1.39121
0.924557
0.828576
0.979347
0.907842
0.656866
0.846359
1.0618
0.834476
0.288242
0.883564
1.00537
1.14077
0.94706
0.462575
1.09899
0.83444
1.29368
0.687893
0.759604
0.833023
0.990137
0.746921
0.788747
0.815951
0.949837
1.21081
1.19613
0.96086
1.40893
0.763121
0.88566
0.949821
0.76146
1.2854
1.59286
1.06645
0.632537
0.592794
1.28751
0.763207
1.95735
1.15476
1.33527
1.28813
0.697615
1.37165
0.409932
1.17613
1.21152
0.930705
1.14718
0.878976
0.784648
1.33511
1.13967
1.28116
0.793613
1.13958
1.01205
1.12864
0.862414
1.18332
0.917472
1.36117
1.26043
0.843249
1.48475
1.1895
1.05404
1.30746
0.753409
0.801939
1.35233
1.0356
0.593133
1.30553
0.931969
0.7943
1.0801
0.946779
0.424067
0.862883
0.615118
1.12254
1.01398
0.984474
1.26939
1.33176
1.01806
0.821736
1.13542
0.833425
1.12159
0.850072
1.18209
1.17029
0.436675
0.930906
1.0922
0.870404
0.908879
1.31954
1.05018
1.02513
0.800801
1.27638
0.885282
0.932651
0.713934
1.13216
0.791707
0.651649
0.869943
0.73718
0.987266
1.04789
0.654743
1.14062
0.884247
0.720145
1.5069
0.97421
0.86077
0.679885
0.838828
0.717041
1.3364
0.850708
0.960245
0.431223
0.804212
1.94553
0.712838
0.868223
0.940575
0.960569
1.41558
0.750819
1.14173
1.15739
0.876832
1.04524
0.742089
1.41277
1.26319
2.41187
0.880535
1.2336
1.28861
0.777262
0.908368
0.750788
1.40439
1.28323
0.68093
0.777572
0.978467
0.923417
0.728852
0.857517
0.58068
1.23069
0.572417
0.350925
0.563387
0.866534
1.11628
1.13213
1.01719
0.843709
0.924046
1.20779
0.600931
0.771679
0.619783
1.36156
0.810184
1.20285
0.834996
0.997565
1.91075
1.26061
0.777118
1.13641
1.01015
0.625617
1.21525
0.54096
1.09518
1.14518
0.905892
1.13805
0.790657
1.05786
0.930025
1.03508
1.17652
0.991509
1.07509
0.930107
1.43714
0.788045
1.72443
0.646779
1.57063
1.04604
0.847974
1.43691
0.77404
0.895058
0.629783
1.35286
0.453328
0.973332
1.67273
1.0092
0.935025
0.960099
1.14246
0.761267
1.39843
0.703475
2.20217
0.75117
0.466449
1.18527
0.778762
0.756303
0.708564
1.05314
1.0876
0.746145
1.20552
1.00036
1.53374
1.08229
1.00507
0.611134
1.24753
1.07428
1.58896
0.595545
1.33564
1.60372
1.33847
0.922802
0.690108
0.838499
1.37535
1.43301
0.828588
0.760523
0.89672
0.781029
0.725925
0.718447
0.828792
0.994755
0.451168
0.872511
0.957066
0.973244
0.752215
0.549733
1.09077
0.572593
0.97994
0.668872
0.618599
0.773622
0.628333
1.65285
1.27869
0.666673
1.18032
0.579288
1.21415
1.10285
0.858041
0.588745
0.969719
0.584527
1.15284
1.17718
0.777051
0.687975
1.57185
0.653846
0.821555
0.530494
1.14988
0.808312
0.970702
1.15646
0.739663
0.777309
0.316995
1.0229
1.59879
0.842083
1.40675
0.961728
1.03877
1.15326
0.885506
0.816637
1.09077
1.53088
0.769184
1.17717
0.560456
1.16856
1.3656
0.669486
0.965671
1.26673
0.962893
0.666565
0.912563
0.92228
1.03183
0.969841
1.83464
0.694676
0.523852
0.483868
0.931168
0.846461
0.731102
1.17644
0.771689
0.920224
1.01624
1.09219
0.736412
1.04714
0.971402
0.981436
1.09874
1.08439
0.950185
1.19455
0.870309
1.41904
0.54272
0.828828
0.616741
1.50789
0.992699
1.35021
1.18188
1.28171
1.22228
1.13691
1.10589
1.29202
0.451232
0.841225
1.36379
1.04534
0.985414
0.839511
0.944406
0.660839
0.71258
1.22666
1.33925
0.787577
0.883397
1.08734
1.34314
1.37519
0.924158
0.550251
1.02712
0.488688
1.0121
1.26758
0.797393
0.783309
1.0303
0.925753
0.910172
0.469231
0.889373
1.16362
0.998227
1.31426
0.645403
0.995
1.24268
0.717257
1.14541
1.55287
1.57651
0.620867
0.876889
0.856291
1.24699
0.561949
0.860516
0.656816
1.03125
0.878361
2.03962
2.36764
1.00441
1.30762
0.446974
0.91035
0.920088
0.571299
0.657636
1.74294
1.28161
1.03956
1.08969
1.08907
0.509058
1.3554
1.50338
0.81922
1.69367
0.710368
1.02983
0.750483
1.33968
1.19674
0.817036
1.08903
0.668048
1.16247
1.05337
0.373909
0.830258
0.547476
1.34588
0.570923
0.687829
0.931222
0.701775
1.31309
1.27455
0.77277
1.35742
0.492506
1.34438
0.784151
1.75665
0.778263
1.04538
0.796716
1.2406
0.46211
1.03381
0.413167
1.31371
1.05543
1.42207
0.506866
1.66752
0.718523
0.586072
1.23382
0.646608
1.08376
0.678091
1.66559
0.976105
0.753175
1.32434
1.4311
0.645115
1.31265
1.34763
1.28635
1.26713
0.829002
1.12818
0.912373
0.715722
0.96468
0.467069
1.2183
0.869749
1.09576
1.71814
0.77819
1.33812
0.397744
1.5021
0.489002
1.66861
0.638089
0.816032
0.584212
0.837738
0.892531
0.877011
0.91802
1.36952
0.617654
1.01001
1.41089
1.33018
1.08037
0.978161
0.943472
0.772438
0.373708
0.60153
0.80444
1.24827
1.31221
1.65521
0.490549
1.15626
0.940537
1.42324
0.672328
0.625161
0.884267
1.21299
1.17454
0.541763
1.25805
0.424407
1.2883
0.847125
1.51201
0.817795
1.23605
0.699513
0.449008
1.40402
0.70669
0.860004
1.17253
0.857539
0.88206
1.35055
0.961551
0.734343
2.00852
1.80729
1.15152
0.959371
1.11059
0.86063
0.771312
0.796254
1.09432
1.03024
0.688759
1.29089
1.1793
0.574856
0.838538
1.08268
1.16593
0.949908
1.30835
1.02525
0.443487
1.06924
0.634766
0.816803
1.05829
1.02551
0.851275
1.22527
1.00749
1.21937
0.501606
0.895398
0.90524
0.862574
1.42369
0.679786
1.30676
0.492924
0.834891
0.971586
0.502605
1.21952
1.31079
1.6242
1.31938
0.693989
0.78198
1.1625
0.918149
1.37537
0.739775
1.18143
0.704012
1.24057
0.832784
1.00141
1.2309
0.924401
0.883995
0.511221
0.784756
0.802534
0.859147
1.20147
1.19464
0.800229
1.24318
1.43991
0.609882
0.991051
0.843976
0.740979
1.01902
0.664311
1.15903
1.27349
0.755739
1.03427
1.50524
1.12488
0.69956
1.05229
0.896499
0.974767
1.17439
0.810477
0.999824
0.900378
0.548924
0.570596
1.57141
1.7501
0.589746
1.45967
1.34005
1.0573
1.05189
1.30848
0.430759
1.08807
1.08195
1.24006
0.409101
1.02171
1.11053
0.888505
1.1848
1.3546
0.71664
0.746371
1.01316
1.25942
1.20079
0.762555
1.06143
1.27102
1.07403
0.549806
0.869378
1.14987
1.23697
1.0814
1.01683
1.21421
0.988725
1.15639
1.14894
1.38926
1.24747
0.706564
0.94446
0.658054
1.12329
1.38245
1.05634
0.810319
1.04719
1.07044
1.38699
1.22492
1.20183
1.36498
1.12178
1.65584
0.458531
0.514008
1.05824
2.08671
0.752637
0.865461
1.36692
1.4504
1.11561
1.6733
0.657712
0.992502
1.22837
0.715981
0.854591
0.95423
1.89371
0.675243
0.615797
0.917086
0.751592
0.565097
0.818892
0.85019
0.653493
1.22239
0.822378
0.723124
1.47874
0.800594
0.872835
0.786275
0.878515
0.422988
1.47459
0.914148
1.04594
0.885986
1.11196
0.687063
1.37521
1.05597
1.28014
0.83421
1.37778
1.05245
1.53987
0.953156
1.15957
1.03669
1.27294
1.0097
1.41048
1.2178
0.717045
1.36285
1.52783
0.970312
0.898104
1.05526
0.805647
0.431453
0.841156
0.965177
0.96413
1.3295
0.762693
0.829947
1.38809
0.664729
0.903209
1.76411
0.920084
1.1813
1.10898
0.763462
1.29695
0.556883
0.744121
1.47329
0.747042
1.3204
1.28972
0.986172
1.09726
0.972206
0.83
0.939404
0.895981
1.18843
1.24773
0.680746
1.45554
1.11974
0.658827
1.522
0.849068
1.27786
1.62592
0.944495
1.27244
0.651268
1.91916
0.99257
0.973075
0.919699
1.02557
1.48072
0.918437
0.768119
0.64452
1.06479
1.60697
1.21096
0.583922
1.23287
1.3662
0.956027
1.3231
1.10724
0.81017
0.786975
0.551864
0.662078
0.852286
1.28903
1.48324
1.67937
1.58028
1.20117
1.08216
1.50042
0.646399
1.01314
0.621954
0.851978
0.928433
1.24956
0.891071
0.960449
1.33692
0.532909
0.339119
1.77838
0.960025
1.17082
0.746575
1.13355
0.750738
1.0256
0.793904
1.13437
0.802822
0.435069
0.885169
0.829171
1.1517
0.499111
0.696265
1.77608
0.874883
0.965124
0.589088
0.541818
0.742438
0.97241
1.26369
0.861376
0.748114
1.09476
1.67169
1.0226
0.911029
1.3998
1.03401
1.33001
0.995328
1.47449
0.84227
1.92758
0.970857
0.901907
0.524709
0.533846
0.707186
1.16586
1.04726
0.668386
1.26716
0.563829
1.04313
1.29572
0.949255
0.90769
1.39362
1.17318
1.23278
1.2032
1.02788
1.02344
0.576221
1.43885
1.19187
0.643964
0.665297
1.38703
2.30088
0.920318
0.906127
1.1461
1.08529
0.822992
1.06195
1.08248
0.97882
1.32354
1.11963
0.96735
1.36735
1.30628
0.816749
0.620669
0.654166
0.947113
1.44066
0.981891
0.794079
0.644449
0.766382
1.13463
0.591845
0.346437
1.39439
1.47252
0.991681
0.883017
1.21494
1.02807
1.25598
1.67317
1.33226
0.469618
0.925934
1.59198
1.16014
1.02731
0.448192
0.801962
0.891672
0.92105
1.17882
0.859273
0.929414
0.784575
0.873335
0.708676
1.40076
0.681749
0.866445
0.711354
0.819113
0.818649
0.978911
1.10507
0.997046
0.871364
1.05132
1.34331
0.697091
1.16811
1.05424
1.2754
0.536034
1.45816
0.971206
0.82531
2.02859
0.994751
0.898947
1.28184
0.649861
1.41301
0.912954
1.12979
0.722419
1.29528
1.06148
1.36409
1.27636
1.143
0.934957
1.07791
0.34673
0.828229
0.718026
0.96965
1.46626
0.47093
0.73753
2.45762
0.709871
1.36572
0.856709
1.77129
1.26373
1.19301
0.924493
0.779767
0.879764
0.88407
0.786646
0.354624
1.02512
0.93031
0.638316
0.96554
0.695438
0.889902
0.878492
0.656413
1.31703
1.14786
0.677487
0.974377
1.09016
1.13978
0.788207
1.12285
1.40095
0.55776
1.61631
1.23733
0.418945
1.61243
0.461136
0.484121
1.14677
1.22548
1.48099
1.29842
0.949286
1.7346
1.49249
1.35078
0.638884
0.795736
0.908222
0.810652
0.782913
1.13359
0.856771
0.992409
1.54375
1.34344
1.06506
0.953591
1.0322
1.04445
0.755766
1.03278
1.55971
0.783828
0.663943
1.30435
0.816929
0.996347
0.528551
0.477019
0.900239
1.64324
0.788066
1.40773
0.879271
0.89854
1.08831
0.60533
1.18549
0.795183
1.04719
1.01083
0.607661
0.662558
0.808346
1.30475
1.41545
1.14441
1.01928
0.66989
1.07946
0.803476
0.569014
1.26698
0.665444
1.04854
0.951861
0.496334
0.803526
1.06304
0.76996
0.818744
0.818345
0.956241
0.946762
1.13663
1.23482
1.19439
0.943836
0.914016
1.11262
0.89065
0.91551
1.24766
0.724484
0.580517
0.695113
1.62411
0.688483
1.08942
0.718909
0.817108
0.717883
0.859237
0.833115
1.11171
0.531832
0.904301
0.808595
0.993278
1.03641
0.929383
0.802432
0.849365
0.768579
1.6673
1.26127
1.22733
0.634759
1.36752
1.1113
0.861979
1.40494
0.872182
0.539021
1.71551
1.2524
0.767906
0.951318
0.868017
0.879939
0.264
0.777795
1.51846
1.55264
1.02916
1.13368
1.33047
1.19872
0.414005
0.867662
0.717673
1.16059
0.709586
1.11995
0.574018
1.00908
1.05947
1.39647
0.649275
0.841446
0.609028
1.2754
1.1335
1.01226
0.889488
0.654038
1.0763
1.12776
0.999235
0.825596
1.66035
1.11244
1.02388
0.881022
0.899375
1.73725
0.791372
1.50398
0.909179
1.5469
0.79353
0.831929
0.988264
0.59644
1.09992
1.20408
1.14162
0.788031
0.775285
1.45345
1.7684
1.25827
0.923543
1.39134
1.02152
0.618132
0.813527
0.636215
1.25653
0.748292
0.85063
0.565161
1.12651
0.788529
1.1399
0.743225
1.08741
0.840248
1.12944
0.958566
0.737638
0.731617
0.831594
0.8212
0.728517
1.18725
1.34555
1.19062
1.1377
0.572108
2.00875
1.24686
0.776916
0.582134
1.16183
1.00413
0.650408
1.292
1.42016
1.38684
1.33795
0.986736
0.943079
0.953823
0.828339
0.866577
1.13794
1.11467
1.06374
0.643901
1.07208
0.949247
0.616377
0.70108
0.682729
0.505945
1.5191
0.458693
0.600297
1.11803
0.858603
0.784467
1.1729
0.89167
1.1765
1.41431
0.906404
0.914689
1.12994
1.49932
1.38935
1.295
0.72439
0.623312
0.71137
0.658256
0.760843
0.618394
1.13631
0.821741
1.33045
1.17758
1.00967
0.836318
1.13022
1.17642
1.45025
1.0361
1.77503
0.713899
0.904946
0.985139
1.24414
1.2781
1.17753
1.03375
0.927898
0.842913
0.918205
0.569515
1.14822
0.981015
0.764936
0.748397
0.883825
0.986066
0.963126
1.22671
0.914111
1.39988
1.37821
1.08907
0.818047
1.30276
0.666212
1.158
0.695951
1.18368
1.42367
1.30897
0.90517
0.433079
0.703028
1.25805
0.828172
1.21796
0.833366
0.729371
0.925934
1.29129
0.998177
1.24993
0.646443
0.880415
0.989886
0.870892
0.853427
0.984338
1.19704
0.841174
0.89128
1.55219
0.892
1.61317
1.19975
1.49678
0.498465
0.991564
0.826686
1.49282
1.60149
0.587079
1.32251
0.626216
0.670536
1.12703
0.429566
0.801437
0.841325
1.55553
1.39366
0.996202
0.493313
0.835416
0.868477
1.07722
0.891532
1.5087
0.930504
0.73211
1.27909
1.03649
0.839988
0.759548
0.957014
1.24476
0.995285
1.50132
1.5398
1.21746
1.28958
1.97432
0.980071
1.18647
0.545598
1.78011
0.561041
0.731459
1.50079
1.38352
0.783984
1.14818
1.22511
0.938727
0.991742
1.00103
0.57564
1.10807
0.886442
0.952743
0.552133
0.666967
1.0889
0.825555
0.541132
0.815879
1.1087
0.981798
0.717743
0.894759
1.37427
1.1957
1.2889
1.34631
0.987224
0.972486
1.01757
0.767161
0.968302
0.783357
1.06726
0.840714
0.73353
1.17519
0.565154
0.746682
1.02855
0.945956
0.82055
1.0341
0.82365
0.663942
0.823612
1.0321
1.69891
0.736498
0.979989
0.733199
0.721736
1.02845
1.23207
1.08973
1.12867
0.788637
1.38359
1.10863
0.6828
1.39328
0.95431
1.56777
1.60315
0.508186
0.927913
1.25452
0.817024
0.966604
1.01498
1.14979
0.598453
1.13236
1.10498
0.809131
1.27554
0.890916
0.822723
1.16296
0.939997
0.865335
0.379922
1.8907
1.74017
0.568992
0.977571
1.50351
1.40898
1.30778
0.555096
1.16398
1.02667
0.953624
0.74251
0.817611
0.757031
1.52506
1.10584
0.749
1.13206
0.973918
1.60917
1.03029
0.685647
0.838398
0.905467
1.42825
0.698913
1.46608
1.93891
0.84754
0.896457
0.805191
0.463922
1.90243
1.09795
1.27277
0.829679
0.652198
1.60532
1.01157
0.818492
1.54953
1.26464
0.962434
1.50698
0.973947
0.899288
0.921223
1.10001
0.983758
0.563902
0.905771
0.427111
1.25123
1.45567
0.804364
1.40146
0.792706
1.16454
1.13017
0.558185
0.57801
0.793201
1.41169
1.65448
0.815664
0.963263
0.680553
0.499189
0.710131
0.503121
0.919697
1.12959
0.79595
1.35742
1.26679
1.13689
1.52725
1.29147
1.5566
1.38517
0.759188
1.71307
1.29906
1.31105
1.62889
1.48487
0.79457
1.6258
0.983203
0.457506
0.766384
1.04965
1.26951
0.635605
0.938948
0.998266
0.773831
0.780812
0.629285
1.36084
1.05514
0.90373
0.831061
1.18066
1.19493
1.19085
1.31489
1.98564
1.835
0.790579
1.83166
1.1781
0.910614
0.698427
0.975004
0.745989
1.69726
1.65962
1.12843
1.05687
0.95906
1.48542
0.957542
1.09797
1.06987
0.795569
0.82069
1.16582
1.05153
0.970548
0.856958
0.580858
1.08926
0.584567
0.894113
0.881982
1.07914
1.06169
0.829597
1.23611
0.878639
0.455951
1.03924
0.854133
1.3331
0.70597
1.34972
1.44381
1.14031
1.22515
0.806062
1.18148
0.737636
0.950293
1.53184
1.09324
0.786655
1.14114
1.39192
1.06705
1.11612
1.51028
0.671937
0.951171
0.885194
1.5874
1.18514
0.760612
1.53294
0.74387
0.952583
1.17819
0.505454
0.739585
0.8939
1.19674
1.47668
0.841573
0.542406
1.09051
0.95684
0.634321
0.569062
1.37372
1.18004
0.789624
0.692641
1.05322
0.82159
0.934027
1.43067
0.863536
0.509833
0.987735
1.01523
1.21002
1.5911
0.943135
1.00545
1.05889
0.927857
0.985719
0.904092
1.05791
1.08836
0.761333
0.705422
1.30715
0.933163
0.978712
1.08327
1.03637
1.12358
0.532135
1.4411
1.12505
2.10607
1.3381
1.40068
0.598489
0.968658
0.958965
1.15773
1.3662
1.46551
0.661079
0.797817
0.7047
1.43491
0.79617
1.49559
1.0195
1.18401
0.827006
1.30757
0.680584
0.816746
0.658279
1.6802
1.28252
1.35864
0.715069
1.01397
1.15854
0.854171
0.802259
0.81018
1.34286
1.02801
0.637066
0.880028
1.39887
0.577131
1.27515
1.13641
1.20824
0.980962
0.835266
1.11507
1.14645
1.44908
1.18182
0.803868
1.10542
1.99823
0.771192
1.16766
0.918754
1.02739
1.00068
1.02922
1.33492
1.98096
0.728772
1.06692
0.743424
0.74151
0.884308
1.29147
1.04665
0.86333
0.614143
0.740606
0.866667
1.33071
0.789751
0.84373
0.53226
0.942053
1.17974
0.793971
1.35015
0.952728
0.849351
0.975691
1.04209
1.08158
0.70381
1.72701
1.16497
1.03248
0.820782
1.74828
0.429808
1.08174
1.7196
0.699128
1.06523
0.946054
1.34466
1.31312
0.948392
0.982833
1.35106
1.01055
1.05661
1.23674
0.963485
0.799046
1.08796
0.910915
1.20833
0.961227
0.478468
0.766105
0.857023
1.1266
0.425933
1.1508
0.723394
0.977153
1.21078
0.817636
0.936924
0.891905
0.624055
0.547075
0.760153
1.42352
0.870245
0.674624
1.01559
0.728057
1.84251
1.00171
0.633475
1.07399
0.907572
0.604002
0.844671
0.833645
1.2478
1.16611
0.853178
0.771651
0.897922
1.14558
0.670411
2.02486
0.738172
0.554701
0.849387
1.13889
1.11346
0.422232
0.927389
1.42945
1.40143
0.918965
1.02307
0.927471
1.51086
0.701862
0.794665
0.362605
0.287728
1.18126
1.09567
0.999619
0.675669
1.14994
1.25119
1.0305
0.444968
1.42901
1.42552
1.48191
0.720651
0.811777
1.40079
0.703002
1.60559
1.19506
1.00271
1.46614
0.878017
1.80696
0.834196
1.86732
0.885974
0.445767
0.693234
1.39113
0.899928
0.987576
1.14873
1.07092
1.13631
0.697987
1.35595
0.764106
0.861737
1.09138
0.88113
1.10143
1.04068
0.955757
1.05509
1.35832
1.17562
1.21196
0.658502
1.14076
0.804737
0.773173
1.08521
1.1314
1.20136
0.948215
1.15068
1.34633
0.94028
0.925879
0.8997
0.681015
0.935762
0.638016
0.761088
0.433111
1.17337
0.893162
1.26882
0.725086
0.803974
0.925225
1.11985
0.617094
1.52704
1.0861
1.92066
0.678171
1.69171
0.620289
1.17736
1.04544
0.673696
1.05517
1.01862
0.731044
0.810343
0.518281
1.07462
0.862751
1.23857
0.481157
1.21091
1.09116
0.615467
1.04815
1.52899
0.939043
0.736984
0.809199
0.906771
1.12023
0.940498
0.884528
0.783737
1.03088
0.673139
0.704697
0.861751
1.55483
1.20068
1.35756
1.04766
1.00159
1.07841
1.04094
1.11037
0.586484
1.12419
0.792305
0.869551
0.949901
0.683755
1.31254
1.25648
1.34871
1.27612
0.600438
0.900576
0.866693
1.05275
0.939988
0.580527
0.651148
1.13845
1.03376
0.621432
0.711281
1.3014
1.01355
1.46831
0.730639
0.9749
1.1453
1.89987
1.22432
0.580988
0.827111
0.881114
1.21279
1.74065
1.34744
0.511215
1.72254
1.25719
0.719776
0.779848
1.24957
0.510204
0.535465
1.87966
1.17676
1.2383
0.491768
0.821063
0.683425
0.84536
1.24704
1.01629
1.41648
0.736302
0.912023
0.838506
0.8943
0.752984
0.589975
0.645288
1.09517
1.35988
0.472634
1.08244
0.899818
0.792296
0.627173
0.58615
0.722054
1.85195
1.20547
1.12973
1.07121
0.51322
0.741089
1.18614
1.02706
0.988563
0.83185
1.42835
1.4142
0.782968
1.25629
1.33954
1.0129
1.19562
1.27937
0.983334
0.989949
0.988786
0.73612
0.74459
0.998059
1.08578
0.810315
0.871254
1.04554
1.15495
0.763646
1.02095
0.933914
1.1762
0.763003
0.815446
0.792242
1.34257
0.912861
0.550973
0.754254
1.0971
1.1522
0.832699
1.30857
1.2796
0.885067
1.15608
0.894492
0.589203
0.655079
1.41323
0.726876
1.1131
0.930043
0.965201
0.546514
1.06731
1.04787
1.04232
0.591818
0.862291
1.2744
0.84815
0.972056
0.915062
0.745162
1.08495
1.01032
0.962145
1.80188
0.741794
1.03192
0.875768
1.07223
0.515937
0.65674
1.34488
0.539729
0.935135
0.848922
0.779593
1.46907
0.864203
0.525103
0.463195
1.50919
1.01324
0.847727
0.835441
1.77664
0.918545
1.17996
1.09285
1.28181
0.517062
1.75013
1.56475
1.53077
0.675607
1.0936
1.07236
0.952849
1.01112
1.06696
0.748429
1.18609
1.02301
0.539709
0.902018
1.42466
0.88338
1.21419
0.851035
0.728012
0.805721
1.10165
0.777352
0.593776
0.838832
0.990019
0.849996
0.665904
1.84213
0.778374
1.35092
0.663692
0.919146
0.914982
1.13586
0.92716
1.38032
1.16936
1.68211
0.820226
0.773033
0.976144
1.59307
0.789344
0.686116
0.723137
1.01196
0.754534
1.00413
1.02196
0.947077
1.10237
0.491446
1.33645
0.91755
1.09661
1.17871
1.27071
1.00375
0.641158
1.24097
0.721198
1.35811
1.20298
1.3738
0.633008
1.20233
1.17268
1.33521
0.754211
1.62325
0.995719
0.798649
0.709243
1.10323
0.590185
0.761044
1.16859
1.30354
1.47343
2.05048
0.688851
0.742096
0.551647
0.800309
2.1435
1.75777
0.353323
0.9441
1.78854
0.843678
0.888072
1.45792
1.34143
1.48546
1.12455
0.566162
1.10675
1.11588
1.36092
0.701977
0.602416
0.814083
0.815788
0.537435
1.24533
0.934574
0.747757
0.82427
1.07749
0.876243
0.767509
0.99878
0.708572
1.24788
0.797209
1.12285
1.17297
0.876362
0.588039
0.866636
0.960922
0.94815
1.45743
1.11474
0.447371
1.84938
1.27676
1.37569
0.731299
0.931665
0.671569
0.950518
0.602652
0.823
0.79444
0.755863
1.16154
1.20373
1.11067
0.464438
1.70484
1.27384
0.544704
1.04117
0.894414
0.756676
1.11605
0.589432
1.02006
0.580223
1.12041
0.997077
0.601281
1.04753
0.566141
1.53852
1.0855
1.84163
0.686112
0.606386
1.10274
0.593068
0.694063
1.48526
0.831917
1.48876
1.35137
1.8313
1.19543
1.42193
0.990468
1.18091
1.3436
1.2954
1.20468
0.896693
1.63323
0.800118
1.27851
0.746209
0.986855
0.897661
1.00758
1.70458
0.462592
1.20591
1.05656
0.464697
1.21173
0.760065
1.00674
1.00922
0.564112
1.16833
0.83025
1.0957
0.873189
1.14702
1.04347
1.12993
1.62087
1.22057
0.936113
1.0354
1.25676
2.05221
0.496323
0.670438
0.430923
0.92654
1.41843
1.29198
1.87639
1.19008
0.870896
1.03668
0.922022
0.820356
0.939321
1.29282
0.97301
0.815181
0.663899
1.19537
0.548117
1.46359
0.877601
0.927716
0.682012
0.615875
0.738048
0.974942
1.09649
1.21584
0.921576
1.23184
1.77125
0.902712
0.765289
1.02131
0.652676
1.45366
0.843242
0.375993
0.965463
1.2344
1.15977
0.680601
1.48442
1.30481
1.25483
1.09771
0.689304
0.612304
0.973186
1.1796
0.643574
0.746086
0.738413
0.979048
0.976757
1.01439
1.03827
0.762547
1.68769
0.815851
1.3866
1.54497
0.641613
0.73584
1.20517
1.20047
0.968326
0.54779
0.92237
0.738657
1.57135
0.90144
0.618704
1.12973
0.988103
1.57316
1.46221
0.929077
0.980801
1.11676
0.599305
1.21172
1.20947
1.20979
1.0675
1.13403
1.54605
1.03861
0.741429
1.17796
0.887079
1.22734
1.31043
0.908417
0.861293
0.699177
1.12214
0.723401
1.17917
1.1361
0.528267
0.987034
1.11138
1.91614
1.63329
1.24872
1.08693
0.710973
1.2226
0.622619
0.936737
0.833036
1.01234
1.52838
0.844579
1.30642
1.45015
0.828957
0.558653
0.678058
0.724627
0.825865
0.694037
1.02061
0.862553
1.06369
0.819518
1.24393
0.35445
0.997307
0.835487
0.538457
0.978151
1.09747
0.662396
0.728709
1.08912
1.0934
0.451835
1.22447
1.86607
0.713607
0.961629
1.14187
0.877341
0.869289
0.807959
0.514634
1.05094
0.837562
0.790021
1.36346
1.30569
0.926235
0.940914
0.665662
0.88816
1.35726
0.616309
1.5292
1.41454
0.566965
0.88991
1.20594
0.626132
1.00514
0.664741
0.687997
0.654688
0.823465
1.0896
0.927946
1.60092
1.07167
1.14112
1.04326
1.19688
2.14978
0.793256
0.405546
0.845469
1.08716
0.798223
0.960722
0.891658
0.650777
0.846973
1.02588
0.94462
0.88221
1.30853
1.24874
0.970582
1.17228
0.621915
1.24247
0.633386
1.5487
1.04017
0.594129
1.30377
0.935164
0.778019
1.15061
1.42559
1.13911
1.38329
0.97229
1.43786
0.816551
1.41555
0.777576
0.541442
0.932129
0.67938
0.864248
1.41157
1.02646
1.61734
0.672479
1.26037
1.11957
0.828664
1.04212
0.687233
1.45931
0.608787
0.924346
0.993462
1.19106
1.48752
1.07476
0.679161
0.543943
0.476209
0.60359
0.69672
0.840234
0.854158
1.10661
0.893568
1.32427
0.50054
1.03765
0.832346
1.25243
0.77575
0.872149
1.05037
0.820442
0.609339
0.694626
1.42947
1.05916
1.38393
1.34672
1.0295
0.795246
0.501943
0.854905
1.57616
0.831619
1.48456
1.60104
1.39981
1.47828
0.999962
0.863988
1.00824
0.953327
0.806505
0.962675
0.935842
0.942399
1.42234
1.0292
1.24126
1.32921
0.727263
0.324033
0.588806
0.74323
1.57835
0.884069
0.382937
1.10416
0.924277
0.687262
0.740653
1.08719
0.449512
1.03996
1.03349
1.21131
1.45962
0.80606
0.78154
0.634652
0.65268
1.44955
1.32019
0.898294
0.98956
1.37846
0.857863
0.894942
1.24945
1.10616
0.945411
1.23979
0.863826
0.896629
0.735159
1.04439
1.39304
0.824155
1.40629
1.3536
1.2154
1.24504
1.13124
1.66971
0.936628
1.02327
1.40962
0.98253
1.62211
1.24165
1.02708
1.04657
0.904269
1.03607
0.676517
0.434233
1.17804
1.02879
1.02477
1.78592
1.26712
1.05432
1.01586
1.28103
0.769013
0.915366
0.89894
1.07749
0.714876
0.524587
0.566975
1.1866
1.07942
0.868793
0.516688
1.69002
0.769454
0.742134
0.967372
1.01115
0.957772
0.820393
0.775878
0.65028
1.19143
0.585485
1.07391
0.669657
1.15947
0.619821
2.07885
0.710659
1.08639
1.76487
1.26341
0.487069
1.16647
1.07159
1.02894
0.671796
0.720964
0.816734
1.24272
0.926243
1.24165
0.477678
1.33123
0.531125
0.885846
0.521122
0.732782
1.04086
0.746625
0.942197
1.05041
0.82466
1.21971
0.340029
0.854097
1.01262
0.911693
0.885848
1.43414
1.2054
1.13697
2.25583
0.818367
1.44475
0.989353
0.677132
0.666325
0.633823
0.571301
0.721221
0.815721
0.726371
0.513328
0.481804
1.01204
0.872382
0.529338
1.39672
0.760765
1.76042
1.03795
1.17082
0.721614
0.974484
1.314
1.11317
1.22719
0.775555
1.03772
1.18215
1.50905
0.825475
1.23267
1.32708
0.907705
0.895441
0.383967
1.19998
0.692173
1.35807
0.848772
1.10594
0.763724
0.941912
1.42441
0.975751
0.695995
0.964253
1.14323
0.573753
1.49789
0.675373
0.888936
1.08959
1.96999
0.544019
0.410737
0.617094
1.15038
1.21021
1.08695
1.0321
0.861094
0.652718
0.693862
0.98114
0.711143
0.634277
1.18684
0.697112
0.739045
0.98978
1.4704
0.789255
0.764791
0.83605
1.33065
0.93211
1.20861
0.666962
0.892196
1.90427
0.880615
1.45638
1.00801
1.31548
1.21479
0.50626
0.579925
0.971394
0.671556
1.20943
0.662331
1.5842
0.751522
0.659289
1.11285
0.901722
0.865414
1.12039
0.905526
0.672557
1.0582
1.14461
1.2318
0.981366
0.615025
0.996643
1.05642
1.40919
0.733532
1.50855
1.43405
0.928898
0.653374
0.467484
1.00371
1.54902
1.15402
0.608708
1.22712
0.983719
1.12247
0.495037
0.691884
1.18847
2.04401
1.47268
1.1133
0.770975
0.909437
0.792954
0.523339
0.84342
0.844045
1.11761
1.09299
0.790292
0.825958
0.814006
1.809
0.706599
1.28004
0.736769
1.19387
0.261018
1.44615
0.740161
0.63178
1.86112
1.19847
1.02263
1.39401
0.725011
0.994065
0.851577
0.701635
1.13222
1.2056
0.974838
1.04463
0.784199
1.00686
1.31158
1.24559
1.26103
0.672448
0.783879
1.14056
0.830995
0.901769
0.7177
0.892872
0.720904
1.12193
0.400656
2.05231
0.775768
0.848215
1.15089
1.07234
0.979929
1.83342
1.05452
0.76659
0.498775
0.700523
0.869242
0.98951
0.674029
0.593723
0.728804
1.45704
1.20941
1.36761
0.559411
1.06395
0.708234
0.525861
1.3717
0.951989
1.16918
0.818351
1.21301
1.34659
1.11174
0.792701
0.733511
0.920961
0.751556
0.546605
0.684003
0.878072
1.25297
1.01939
0.382731
1.58096
1.19176
0.640255
1.78744
0.708516
0.791925
1.30324
1.023
1.71102
0.952146
0.83867
0.691636
0.812274
0.600306
1.3907
0.732527
1.09048
0.924643
1.14042
1.14233
0.480069
0.854866
1.11757
1.66958
1.38119
0.981173
0.671328
1.0624
0.881794
0.808033
2.14922
0.827056
1.23859
0.659488
0.841219
0.95913
0.735306
0.85519
0.915581
1.00467
1.51668
0.734243
1.86143
1.11892
1.00687
0.973342
0.916508
0.952608
1.08393
1.34234
0.94709
1.17713
1.09105
0.467215
0.868059
0.77817
0.816514
0.999179
0.636195
0.630312
1.04877
1.43739
1.0688
1.17437
1.19737
0.754064
0.872425
1.19197
0.84013
1.42777
0.735505
0.980846
0.69113
0.938884
1.01004
1.43833
0.504212
1.06121
1.51896
0.820155
0.88739
0.855423
1.13018
0.621775
0.75906
0.784064
0.915755
0.909169
0.691924
1.13877
1.18022
1.68981
0.539855
1.00862
1.03432
1.71298
1.10887
1.36155
0.799358
1.40008
0.834709
1.36175
0.705855
1.43591
0.875638
0.717016
0.89466
1.15143
0.831527
1.07298
0.613648
0.739328
1.45588
0.821323
0.617917
0.788293
0.536818
1.35681
0.6806
1.09557
1.52804
0.865669
0.562156
0.96708
1.19131
1.94488
0.948065
0.667174
1.24991
0.811616
0.962571
1.25478
0.998183
0.88146
1.26739
0.708745
0.824155
1.10269
0.824624
0.989774
0.926723
1.03014
0.862947
0.898
0.673143
1.04457
0.691784
1.33679
1.3565
0.923999
1.12014
1.51584
1.11127
1.5677
1.14305
0.76904
0.849282
1.86198
1.35395
0.929058
0.783018
0.875286
0.608975
1.01409
0.563433
1.00272
0.915858
1.13879
1.16406
0.904515
1.12647
0.494728
1.19674
0.696351
0.765043
1.05651
0.796567
0.747307
2.4645
0.884211
1.18271
0.472739
0.366459
0.730902
0.656622
0.441425
0.883104
0.928697
1.07021
0.655893
0.642692
1.44132
1.11925
1.03326
1.12237
1.04475
0.919344
1.01931
0.583422
1.2941
1.21498
1.12418
1.24203
1.05845
0.491964
1.08906
0.956538
0.541735
0.962743
0.75848
1.47532
1.05
1.14823
0.973486
1.59939
0.959287
0.508407
1.24888
0.582462
1.0827
1.41977
0.84062
0.803423
0.864367
1.03838
0.699926
0.90757
0.561138
0.981098
0.516002
1.29661
0.788757
0.821766
0.894597
2.01368
1.14019
0.578725
1.10644
0.936964
0.73871
1.06852
1.01144
1.34914
1.62833
0.879304
0.846836
0.619121
0.746409
1.23805
0.998826
0.449654
0.827981
0.950624
1.25604
1.41833
1.92705
0.871592
0.877872
1.37635
1.48439
0.535303
0.935117
0.856527
0.786837
0.469403
0.886686
1.53055
2.09162
1.29081
0.75978
0.576801
1.21581
1.31747
0.942121
1.06232
0.540106
1.46553
0.742039
1.09305
0.690745
1.11508
1.25235
0.837364
0.533747
1.01092
1.11952
0.82386
0.524918
1.03336
0.52776
0.92278
0.642503
0.96957
1.18928
1.53113
1.1025
0.881029
0.576799
1.27769
1.00272
0.798997
0.81772
1.01705
0.578636
0.749057
0.614121
0.728543
1.24877
0.77007
0.443027
1.12803
0.865176
1.94587
1.47672
1.07155
1.09122
1.0407
0.696274
0.615816
1.31397
1.20369
0.527947
1.05407
0.646689
0.812513
0.501575
0.700765
1.19659
0.714522
1.03286
0.893182
0.834783
1.43141
0.806477
1.56911
1.57191
0.6856
0.924028
0.793034
1.7937
0.728823
0.414224
1.5599
0.813841
1.08661
1.19803
1.19255
1.17646
0.926605
0.92522
1.23742
0.944349
0.793259
1.22847
0.900311
0.78007
0.715826
1.03839
0.533083
0.868583
1.15091
0.702485
0.982337
0.718858
0.653512
1.06262
1.05034
0.834796
0.633734
0.633993
1.61031
0.908246
0.867578
0.99105
1.05583
1.02376
0.917124
1.04767
1.34127
1.0187
0.707765
1.18514
0.870441
1.02214
1.34975
1.23114
0.84235
0.832951
0.741947
0.839743
1.21075
1.3233
0.891249
0.616723
0.942118
0.570498
0.650745
1.00314
0.623678
0.84576
1.26467
1.49677
1.39939
0.868142
1.12307
0.690938
1.17243
1.00939
1.17614
1.08162
1.33411
1.0016
1.44814
0.748738
0.771768
1.26607
0.951174
0.502164
1.27735
1.20437
0.902735
1.0061
0.756998
1.19817
1.32953
1.18283
0.82138
1.06246
1.32412
0.975771
1.43476
0.94538
1.09169
0.65474
1.1068
0.501488
0.915478
0.783454
1.74774
1.06041
0.869474
0.675
0.860189
0.810266
1.20453
1.14311
1.24797
0.858372
0.848161
1.0197
0.828193
1.77477
1.69053
0.722964
0.777572
1.53017
1.11226
0.850827
0.870368
0.653581
1.12129
1.10513
1.2107
0.891394
0.459414
0.784945
0.799436
0.892932
0.663585
0.96707
0.785808
0.975648
0.920272
1.29039
1.16016
0.829032
1.55927
0.898388
0.991841
1.44231
1.40753
0.635059
0.609753
1.23623
0.658067
1.25144
0.94393
0.804788
0.822059
0.948006
1.43012
1.0343
0.864598
0.842772
1.43501
1.03432
0.814506
0.623667
0.612255
0.681553
0.622139
0.611701
0.563851
0.944404
1.18137
1.03411
0.886779
0.530707
0.825142
0.785912
0.488437
1.18882
0.899425
0.460717
1.01229
1.14688
1.0746
0.65273
0.846214
1.46035
0.656278
1.24642
0.564225
0.779729
0.814275
1.32476
1.0922
1.06693
1.5243
1.17302
1.24717
1.17474
1.4467
0.907835
1.06303
0.795564
1.36401
0.300011
0.802429
1.09886
1.33379
0.945765
1.05168
1.00898
1.37331
0.758442
0.736205
0.666862
0.965419
1.10469
0.708897
1.49765
0.810215
1.06544
1.3666
1.21752
1.17904
1.03436
0.656664
1.07188
1.19507
0.960709
1.07237
0.891647
0.82842
0.47995
1.20887
0.663324
0.999816
0.971418
0.962131
0.970271
1.47017
1.47623
0.723683
0.773997
1.64337
0.844566
1.02829
0.866851
1.00172
0.471446
1.04921
1.12072
0.84624
0.713558
0.701347
1.19354
1.0508
0.761065
1.2315
0.868583
1.25815
1.19642
1.06515
0.804955
1.00668
1.01614
0.688197
1.47818
0.728982
0.994741
0.579413
0.76414
0.590705
1.37222
1.13591
0.936229
0.774325
1.43777
1.22163
1.05269
0.477304
0.753867
0.964272
1.05071
0.649999
1.13049
0.895692
1.01694
0.894342
0.774241
0.578922
1.35247
1.06192
1.12979
1.11781
0.49309
1.34164
1.22543
0.859126
1.00706
0.738713
1.4764
0.737035
0.76227
1.03126
0.494571
1.12581
0.928913
0.458855
0.700321
0.554927
1.37046
0.945894
0.955836
1.54783
1.396
0.569285
1.14035
0.747023
1.10155
1.07596
0.948385
1.27419
1.05519
1.03215
0.94441
0.978403
0.701421
0.986643
1.25078
0.866428
0.396908
0.746561
0.887897
0.817521
0.804607
1.00052
1.77669
1.50031
1.64997
1.47032
0.733489
1.57095
1.08296
0.994195
1.25012
0.704295
1.24082
1.35536
1.7353
0.841202
0.974985
0.558968
1.03861
0.827037
1.21404
0.789048
0.862362
0.778159
1.36128
1.2111
0.628741
0.768481
0.979148
1.19721
0.506687
1.09354
1.40945
0.853879
0.808042
1.03136
0.764851
0.755555
1.01943
1.39367
0.856698
1.10577
0.698322
1.06446
0.919903
1.51304
0.838065
0.839377
0.415363
1.45506
0.805296
0.720297
0.763096
1.61994
0.530893
0.841818
1.3073
0.948507
0.981994
0.931505
0.656541
1.00349
0.629636
0.942838
0.772134
0.835338
0.742969
1.74822
0.796134
1.74802
1.02491
0.718847
0.639658
1.37822
0.989768
0.598925
0.55946
0.773148
0.750943
0.885727
1.05615
0.979446
0.992982
1.21624
1.12211
0.891244
1.26224
0.888289
0.780365
1.116
1.0448
0.933799
0.812952
0.573155
1.53146
1.03331
1.04965
0.5907
0.725142
1.44687
1.20542
0.768671
1.10192
0.928602
1.23996
1.39028
0.929367
1.02357
1.00146
0.707585
1.00718
0.860525
1.27021
0.922788
0.578678
0.531303
2.23356
0.790607
1.00326
0.814649
1.25229
0.933695
0.923866
1.2344
0.794498
0.906145
0.955307
0.692442
0.717514
1.13743
0.545347
0.948695
0.485662
1.29038
1.69012
0.561201
0.569528
0.456743
0.817874
0.871307
0.311949
0.833208
0.866573
0.676233
0.91019
0.662531
0.815059
0.311889
0.867477
1.15776
0.718289
0.611896
1.45388
0.722862
1.16921
1.12179
0.952109
0.937145
0.678941
1.01558
0.760658
1.6734
1.41019
0.76412
0.648039
1.44043
1.20936
0.756317
0.75212
1.33896
1.08827
0.611431
0.733709
0.898681
1.05478
0.62219
0.640444
1.05466
0.970621
0.9388
0.934137
0.824598
1.38963
0.711763
1.56863
0.939839
1.24865
1.01759
0.830004
0.979275
0.942682
1.33817
1.16526
0.722716
1.33907
1.41291
0.934761
0.985872
0.843898
0.294652
1.01781
0.485146
0.558902
1.042
0.997553
0.726297
0.757784
0.697167
0.692747
0.661028
0.884278
0.673673
0.849598
0.672419
1.05738
0.593344
0.972341
0.951279
0.876785
1.06205
1.08083
1.12889
0.754045
1.60263
0.93384
0.731789
1.23537
1.2334
0.65705
0.671457
1.08158
1.89051
0.583676
1.06663
0.707764
1.47989
0.997838
0.677918
1.61075
0.71217
1.07389
1.42996
0.99431
0.804935
1.13582
1.27266
0.721502
0.825759
1.09096
1.29423
1.24444
1.06446
1.6856
0.986211
0.856546
1.12468
0.810091
0.744262
0.810905
1.52255
0.827291
0.988811
0.68915
1.01872
1.25575
0.935716
0.892462
1.14976
0.898996
0.737775
0.613949
0.891904
1.03535
0.570127
1.09103
0.815023
0.611623
1.11488
1.10142
1.16437
0.649981
0.639378
0.787533
1.04412
1.30138
0.880917
1.34973
0.928665
1.2182
0.928868
1.39214
1.08368
0.823661
1.14788
1.37003
0.944913
0.83937
0.503411
0.885176
0.657988
0.971959
1.30784
0.781678
0.684552
1.30078
0.569673
1.25742
0.934472
1.59006
0.503771
0.617308
0.893437
0.789997
0.894919
0.882879
1.63755
1.80487
1.32278
1.2608
1.09481
0.875624
1.10426
1.02108
0.837147
1.93864
0.682309
1.51854
0.959114
0.671346
0.661875
0.797979
0.745954
1.23353
0.709203
0.960367
0.834345
0.703263
1.53412
1.08754
0.81359
0.974895
1.01992
0.740606
0.963535
0.689697
1.054
1.09332
0.751499
0.945006
1.28532
1.6702
0.802851
0.939417
0.710225
1.17798
0.914168
0.483864
1.14608
1.18816
1.0848
1.02681
0.721399
0.958996
0.867142
1.68088
0.95216
0.779818
1.18875
0.737794
1.07559
1.59653
0.599599
1.49966
1.08564
1.45345
1.00082
0.726168
0.460464
0.689405
0.772
1.09768
1.6524
1.40323
1.15956
1.12995
0.761383
0.546667
1.00848
1.21666
1.39399
0.810249
0.670537
0.86481
1.15005
1.2408
1.43079
0.931757
0.457539
0.534848
1.32292
1.52174
0.115765
0.741011
1.09917
0.753876
1.16216
0.672607
0.768378
1.49214
1.1899
1.05074
1.05731
0.96162
0.719511
0.536644
0.712702
1.22082
0.710128
0.730139
1.06377
0.781999
1.00025
0.780017
0.865357
0.964837
1.29637
1.06785
1.30826
0.811378
0.692145
0.514573
0.814234
0.736833
0.77377
1.14776
0.723387
1.19995
1.22688
0.856262
1.43947
0.81241
0.954728
0.57806
1.85185
1.09243
1.38278
0.539352
0.939468
0.892472
1.3239
1.03098
1.07255
0.673033
0.848411
1.50574
0.943076
0.729561
0.716663
1.4678
0.60766
1.14639
0.785619
1.06371
1.0168
1.1831
0.650483
0.909167
0.945969
1.36576
1.06797
1.24765
1.25114
0.689605
0.658905
0.688788
1.2303
0.950712
1.33734
1.47144
0.879694
0.679929
0.933708
1.2345
1.65883
0.765448
1.22517
0.863335
1.38903
0.915092
1.035
0.585834
0.305109
0.967204
1.22498
1.17042
1.97929
0.885056
1.30191
1.16325
1.05354
0.976223
0.705743
0.7271
0.962944
1.0237
0.871673
1.18746
0.441979
1.1168
1.30598
1.00842
0.712151
1.10402
1.23709
1.34373
0.698005
0.865922
0.532937
0.684361
1.13918
1.14056
0.74305
0.519639
1.56957
0.890539
0.573302
0.61834
0.746865
0.779186
1.083
1.15313
0.985434
1.92214
0.945987
1.08012
0.63837
0.766247
1.38428
1.27573
0.881801
1.17613
0.691701
0.84002
0.574705
0.464085
1.5874
0.861664
1.4758
1.51221
1.00402
0.983113
0.699018
1.81161
0.841029
0.822908
1.10711
0.38998
0.961212
0.642509
0.815375
1.35052
0.882926
1.23721
0.966252
1.26075
1.12325
0.708705
0.522864
1.57493
0.755188
1.13865
0.683145
0.949061
1.11311
1.13739
0.933837
0.871148
1.31163
1.15628
1.1021
0.880243
0.81595
0.819347
0.801301
1.48498
1.8457
1.02382
1.19515
0.851127
1.32194
0.802097
0.513859
1.7443
1.44049
0.646251
0.813159
0.841494
0.982302
1.54418
1.23203
0.896705
0.746747
0.758974
0.957148
0.699812
1.14959
1.07055
1.1805
1.24754
1.35493
1.19446
0.807948
0.40761
0.828627
1.83516
1.05098
1.32145
1.1721
0.774364
0.770403
1.09443
1.12787
0.894545
1.49194
0.638986
1.24067
0.412218
0.46472
0.814694
0.741179
1.16475
0.785892
1.23767
1.15633
0.95779
0.694874
1.0275
1.18889
1.07298
0.73135
1.01256
0.47961
1.39722
0.891431
0.92307
0.899755
1.2568
1.3922
0.58501
1.46091
1.35037
0.652849
1.22
0.987596
0.933104
0.920978
1.73857
0.710538
0.777774
1.40988
0.972331
1.12783
0.81063
1.09202
0.770467
0.844206
1.14405
1.03711
0.90256
0.725563
1.04942
0.758707
1.23748
0.483623
0.616949
0.786184
0.97094
0.854497
0.756947
1.09828
0.724449
0.728739
0.947765
0.482234
1.13939
1.20156
1.61481
1.01634
1.31824
1.65669
1.34657
1.76305
0.498331
1.28491
1.36001
0.721825
1.22178
1.36949
1.31566
0.70012
0.817179
0.888767
1.13813
0.815128
1.0971
1.09334
1.40413
0.79149
1.25756
1.37244
0.810864
1.16748
1.33826
0.758951
0.568836
1.32194
0.795693
1.1029
0.965371
0.840229
1.18895
1.12622
1.04833
1.06589
0.814116
0.678283
1.43514
1.08481
1.16325
1.02375
0.960415
1.16266
1.27342
1.24506
1.57747
0.633957
1.03474
0.823612
0.500278
1.46147
0.818724
1.57211
0.863132
0.744313
0.796466
1.03045
0.94758
1.68977
0.878704
0.395832
0.864458
1.92168
1.30169
0.78385
0.660343
2.62815
0.99393
1.4681
1.4243
0.608919
0.860594
1.29463
1.03347
0.824017
0.640751
1.19642
0.982124
0.80628
1.1307
1.08083
1.00277
0.623058
0.974215
0.71537
0.595578
0.664293
0.680863
1.29639
0.519065
1.16615
1.14948
1.02588
0.899333
0.630448
0.920875
0.947327
1.17635
0.816425
0.895224
1.25135
0.983109
1.06752
0.89641
0.894235
0.949931
0.695049
1.23549
0.912172
1.1756
1.09693
0.783274
0.541759
1.16006
1.47858
0.422879
0.832735
0.795925
0.808979
1.19203
0.591966
0.849265
1.22165
1.31855
0.560313
0.995068
1.01445
1.29867
1.23398
0.816664
1.09643
0.727816
1.0124
0.947517
0.988929
1.47718
1.08394
1.53123
1.10013
0.94582
0.721393
1.04144
0.960344
1.27842
1.5817
1.56237
0.527282
1.09348
0.692925
0.890023
0.89996
1.13007
0.771856
1.10405
0.847884
1.03978
0.563279
1.23339
0.947247
0.924789
0.988189
0.811565
0.321242
0.66988
1.14063
1.18912
0.858514
0.651927
0.723671
1.12909
0.5345
0.822661
0.960822
0.991683
0.946707
0.584561
0.894031
0.73805
1.05521
0.625424
0.853506
1.00383
1.02277
0.777603
1.41891
1.18248
1.0983
1.1354
1.37739
0.922913
0.992938
0.570864
0.968853
0.950516
1.03558
0.788789
1.22255
1.24212
1.33333
0.89526
0.756
1.05588
0.610155
1.16758
1.65498
0.639903
1.85231
0.760702
0.505935
0.963389
0.825014
1.34958
1.0691
0.814994
0.652771
1.32109
1.02049
0.908056
1.02237
1.47783
1.36203
1.28522
1.4894
0.752591
1.57787
1.18911
0.677699
1.18628
0.976988
0.806635
0.781845
0.50435
0.525661
1.11373
0.736739
1.38789
1.23844
1.29852
1.44361
1.21904
0.915872
0.703904
0.894096
0.834673
1.04314
0.61792
0.924553
0.790578
0.612931
1.1417
0.495869
0.430462
1.10888
0.955338
1.18936
1.15325
1.77211
0.680112
1.75279
1.99901
0.717573
1.34003
0.931829
1.33369
0.981887
0.878428
1.38281
0.575731
1.08369
1.36508
0.948383
0.743806
1.23142
0.990049
0.89873
0.802608
0.912117
1.38444
1.20944
1.13969
1.37632
1.44731
0.855032
0.876437
1.01509
0.830386
1.07364
0.885752
0.821091
0.95413
0.696254
0.78109
0.729309
1.14027
0.898091
1.11958
1.20656
1.22613
1.30099
0.761032
0.824626
0.860258
0.463983
0.514586
0.823638
0.39721
1.17823
1.05686
1.01891
1.02861
0.956299
1.22858
1.11563
0.716913
0.927076
1.2894
1.34751
1.03132
1.4551
0.561386
1.43665
1.52193
1.18344
1.27799
0.905542
0.854013
0.806897
0.775751
0.64075
0.55641
1.03463
0.901602
0.608692
0.949698
1.19204
0.82475
0.377562
0.954402
1.27355
1.29069
0.784462
1.83772
0.429451
0.721673
0.910294
0.627962
1.12364
1.35587
0.974252
1.10177
1.03065
0.775386
1.06462
0.541133
1.15263
1.24816
0.924898
0.827698
1.51467
1.17997
1.20808
1.0705
0.718265
1.20387
0.605815
0.792992
1.32837
0.793785
0.84665
0.749114
1.07441
1.00105
0.893679
0.890196
1.05219
0.963919
1.0156
0.762734
0.858205
1.40005
0.491236
0.767079
1.43754
0.687308
1.33702
1.28012
1.33598
0.696418
0.996575
1.13488
1.02969
0.895097
0.592915
0.801417
0.469575
1.27025
0.914327
0.822318
0.597842
0.694877
0.844486
0.655472
0.527871
1.37268
0.876255
1.16457
1.45812
0.960922
0.709038
1.50767
1.08009
1.05717
1.2109
0.768866
1.3
0.884889
0.766242
0.645051
1.27593
0.883567
1.26149
0.699103
0.696558
1.17906
0.878881
0.93104
0.848125
1.43151
1.82123
1.266
1.74846
1.04358
0.975972
0.692505
0.801715
0.560143
0.860967
1.20257
0.646909
1.63871
0.89597
0.703419
0.789018
1.3454
0.824752
1.06195
0.740626
1.25208
0.819674
1.56718
1.63891
0.578166
0.686276
1.28229
1.07871
1.13237
0.882939
1.15417
0.836719
0.456711
0.703533
0.577156
0.726939
0.700148
0.944718
0.65136
1.45843
0.997734
0.830044
1.04371
0.780031
0.846612
0.978556
0.746463
0.75364
0.965082
0.873899
1.15673
0.705711
0.505336
1.00442
0.803829
0.902761
0.446195
0.624117
1.46528
0.565459
0.904276
1.38504
0.726003
0.884692
1.24685
1.19085
0.659911
0.745948
1.1261
0.390055
0.752916
0.856938
1.53337
1.2792
0.500319
1.3485
0.928285
0.653744
0.690881
1.3886
0.563879
1.41055
0.916828
0.404098
1.69894
0.903447
1.90505
0.598192
1.09212
0.798268
0.783351
1.23802
1.04901
0.591196
1.28991
0.85086
0.489935
1.14362
1.03128
1.28679
1.30131
0.828117
1.35972
0.920755
0.895816
0.8361
0.559617
0.742796
0.602858
1.34658
0.659099
0.74825
0.702547
1.1144
1.02461
0.7804
0.87149
1.01329
1.19775
0.905908
0.982547
0.870226
1.07202
1.08586
0.960776
0.887606
0.777793
0.819665
0.787521
0.866671
0.952608
0.719315
1.43133
0.911232
0.334941
0.878473
0.854784
1.13255
1.20974
0.751263
1.18137
0.773481
1.01225
1.45298
0.703006
0.863066
1.28732
0.810009
1.26272
1.45725
1.00525
0.718996
1.07323
1.48086
1.01734
1.29501
1.11434
1.73742
0.964136
0.624633
0.492318
0.78174
0.936053
1.35643
1.09568
1.07978
1.0552
1.13443
1.06029
1.14931
1.14727
0.869109
0.851565
0.421353
0.888957
0.823362
0.836238
1.1
0.731483
0.773776
0.987026
1.29931
1.4005
0.516759
0.648549
1.61675
1.42246
1.71242
0.902817
1.00326
0.965156
1.40123
1.40484
0.851112
1.20935
0.882205
1.69621
0.672477
1.08963
1.42423
0.547703
0.948268
0.939139
0.649518
0.604597
1.72076
1.07719
1.15101
1.15891
0.956187
1.14305
0.952443
1.37699
0.841839
0.675699
0.696496
0.969607
0.568753
0.747144
1.29094
1.1015
0.900245
1.29668
0.708794
1.35657
1.08904
1.49687
0.943598
1.15736
0.803623
1.85462
1.08967
1.12423
0.458061
0.958199
1.16103
1.10912
0.965015
0.840067
1.24905
0.89756
0.83913
0.898074
0.93599
0.947487
1.46433
0.807328
0.821302
0.607144
1.16105
1.53622
1.4256
0.579024
0.99929
0.903805
0.839203
0.750952
1.05489
0.567407
1.05682
1.39265
0.985831
0.88697
0.817593
1.19355
1.383
0.58434
1.33664
1.11422
1.26326
0.712647
0.627727
0.601205
0.759599
0.59532
0.989012
1.33132
0.845076
1.65226
0.781973
1.36604
0.504978
0.891281
1.09778
0.592402
1.07882
0.63848
1.2869
1.32302
1.12764
1.30683
0.618448
0.711527
0.501006
0.987334
1.30559
1.49275
0.825281
1.65018
1.09579
1.06592
1.60719
1.14635
1.09364
0.880624
0.590437
0.616204
0.755462
0.833365
0.626102
1.3939
0.82125
1.06108
1.02077
0.824879
0.563578
1.26744
0.577786
1.20048
0.983117
0.683982
1.00825
0.66455
0.564127
0.788629
1.12691
0.647928
0.527262
0.475827
0.847835
0.719044
1.12194
1.19479
1.30966
0.606265
0.652846
0.4933
0.467537
1.17403
0.839251
1.13983
0.523717
1.33583
0.771547
1.7281
0.766946
1.08377
0.851919
1.26428
0.782982
0.6906
1.29794
1.29355
0.43916
0.842011
0.610842
1.31929
1.50056
0.778532
1.23436
0.918986
0.789591
1.23672
1.22271
0.869271
1.19249
0.884863
0.746823
1.28735
0.674787
0.997412
1.46474
0.749826
0.563611
0.975609
0.527716
1.05922
1.0183
0.980402
0.925592
1.35018
0.769274
1.40364
0.735145
0.534373
0.392813
1.31266
1.69401
1.0659
0.84703
1.15597
0.65813
0.96872
1.64201
0.763371
1.02721
0.860322
1.16117
0.979011
0.753104
0.899609
0.481128
1.04379
1.38764
1.03143
0.622774
1.12191
0.720812
0.726509
1.00082
0.829089
1.32408
1.26663
0.544427
1.30904
0.997439
1.07177
1.91936
1.15941
1.2946
0.565118
1.56756
0.68976
0.882445
0.831083
1.10751
0.945491
0.363311
1.0977
0.975181
1.0854
1.17471
0.797342
1.13326
1.16307
0.969059
1.35784
1.22392
0.75273
0.586955
0.702825
1.00848
1.00971
1.1227
0.655954
1.6361
0.805143
0.767774
1.28341
1.39602
1.26298
1.10512
0.765533
1.32414
1.00089
0.884752
1.42091
1.46741
1.12969
0.619954
0.67255
1.42537
1.21083
0.983553
0.638656
1.00933
0.965797
1.03457
1.30791
1.08375
0.70947
0.972879
1.20924
0.586684
1.27671
0.740823
0.709606
1.43973
0.608387
1.16992
1.02854
0.858556
1.17406
0.827305
0.966549
0.577798
0.923087
1.07367
0.660186
1.06466
1.45559
0.999847
1.02872
0.879275
0.568261
0.518173
0.899984
0.903993
0.645765
0.480451
0.706356
0.654018
1.16085
0.692177
1.28726
1.07814
0.527011
0.901847
0.606983
0.929078
0.998658
1.05278
1.08154
0.703489
1.15433
0.69093
0.700808
0.827848
0.849548
0.668599
1.0174
0.617424
1.18372
0.69343
0.816666
1.45788
1.26097
0.878631
1.08965
1.21217
0.929514
0.748129
1.08698
1.12288
0.886271
0.760857
1.54434
0.444457
1.00112
0.987169
1.16701
1.52348
0.703001
0.913621
0.988855
1.40034
1.06196
1.12871
0.788226
1.72107
1.06397
1.2402
0.951587
1.22028
1.51777
0.671508
0.968046
1.56956
1.64398
0.45676
1.64503
1.12203
1.25276
1.65232
0.749477
0.667453
1.24199
0.984647
1.13514
1.2318
1.38713
0.605649
0.598888
1.09167
1.1212
0.784093
0.93075
0.746625
1.27291
0.817015
1.26412
1.08677
1.00315
1.61948
0.939223
0.732728
0.833346
1.42777
0.872145
1.02517
0.834838
0.655462
0.875153
1.01454
0.614415
0.755936
1.16361
0.739941
0.602783
1.28577
1.05022
0.834142
0.652169
1.33439
0.870634
0.91073
1.00774
1.05734
0.946248
0.417092
0.722657
0.916558
1.61652
1.22153
0.666476
0.829492
1.33536
0.946966
0.89098
0.608097
0.819282
0.833711
0.833718
0.562599
1.03685
0.927345
0.67219
0.725646
0.509412
1.48486
0.850323
1.18882
0.815022
0.914287
1.08458
1.57167
0.733541
0.495118
0.757089
1.16369
0.479715
0.944019
1.37
1.00658
0.901009
0.840077
0.934289
0.991942
0.717543
0.657032
0.51691
0.610164
0.82397
0.762586
0.741726
0.838339
0.760263
0.938544
0.79871
0.551412
0.834236
1.66776
0.677791
1.19907
1.34294
0.620273
1.37188
0.730381
0.822726
1.16191
1.27801
0.732578
1.04527
0.657536
1.30807
1.21963
0.741838
2.09009
1.19404
1.00667
0.97143
0.774989
1.05303
0.732213
1.06266
0.748332
1.36466
0.773963
0.631447
1.29161
1.04729
1.12073
1.21581
1.90577
0.865079
0.950052
0.885974
1.39012
1.01257
1.49186
0.986048
0.962769
0.52509
0.743125
0.632458
0.805658
0.693662
0.691132
0.535183
1.66439
0.553846
0.995565
0.686701
0.98106
0.602383
0.887272
0.783524
0.909371
1.1477
1.21528
1.02082
1.22653
0.700067
0.500154
1.08093
0.77314
1.19062
1.02538
0.560562
1.0717
0.606545
0.979625
1.14054
0.82628
0.742143
0.302574
0.842769
0.910471
1.00425
1.09733
1.05804
0.613107
0.657043
1.43732
0.847335
1.00778
0.640567
1.06321
0.935453
0.93194
0.642716
1.55376
0.792528
0.686882
0.888348
0.835863
1.31296
0.38523
0.628264
0.779248
0.993899
1.32166
1.42794
1.34333
1.25544
1.14687
0.992787
0.774142
1.21368
1.18331
0.96255
0.873079
0.882282
1.7651
1.18506
0.525243
0.502082
0.78686
0.467427
0.984356
0.460988
1.43365
0.915434
0.860301
0.348992
0.76669
0.813102
1.36658
1.03977
1.13098
0.887429
0.744755
0.584359
0.883078
0.840165
1.06877
0.484561
0.926189
0.590325
1.63948
0.713849
0.955941
0.896149
0.87728
0.771885
1.65173
0.907949
1.56158
0.987245
0.785311
0.811584
0.912404
0.672815
0.81113
1.16158
1.04768
1.2593
1.23975
0.847169
0.488072
1.33963
1.21944
0.743211
1.45661
1.20506
0.91857
0.68804
1.00491
0.825179
1.22605
1.12116
1.02576
0.586691
1.01077
0.61982
1.07634
0.699637
0.506343
1.00897
0.878218
1.1206
1.33887
1.1037
0.858588
0.537859
1.2482
0.47846
1.48762
0.980202
0.919145
1.0062
1.30961
0.850148
1.63604
0.842829
1.02494
0.957578
0.744474
1.16917
0.736828
1.34981
1.10258
0.912983
1.65418
1.1235
1.04558
0.812854
0.558207
1.34962
0.915303
0.661269
0.386139
0.81759
0.81725
0.489479
1.59036
1.1075
0.790172
1.03958
0.664804
0.647563
1.53892
1.26123
0.864409
1.17706
1.0046
0.713007
1.50065
1.41125
0.76836
0.965086
0.576372
1.13528
0.722934
0.864101
1.54242
0.958025
1.19554
0.702885
1.31107
1.85234
0.977094
1.53862
0.541575
1.05002
1.18326
1.54685
0.892601
1.11547
0.944485
0.765477
1.41546
0.834344
0.746812
1.79849
0.855267
1.00411
1.05961
1.24746
0.79445
0.757253
0.889787
0.595494
0.805335
0.664324
1.34388
0.56151
0.67445
0.812787
0.968026
1.03022
1.97579
1.32989
0.851614
1.01858
0.731624
0.526965
0.563939
1.31506
0.614023
0.460354
1.18841
0.80959
0.782349
1.0709
1.22109
0.743136
1.67917
1.81757
0.835742
0.881288
0.825126
1.00995
0.948555
0.718076
1.0696
0.913635
0.686732
1.32008
1.60983
1.35433
0.811428
1.07791
0.936302
0.910173
1.19458
1.60785
1.14957
0.7405
1.17971
1.09047
0.733413
0.97658
1.03529
1.2771
1.28024
0.853722
0.961454
1.64368
0.978451
1.91907
0.720084
0.688284
0.605433
1.10629
0.703182
1.02684
0.981046
0.846876
1.42223
1.0792
0.864048
0.710955
0.697178
0.626039
1.02978
1.11716
0.800235
0.757986
0.784498
1.43666
0.899598
0.822735
1.23494
1.22297
0.979504
0.559781
1.23568
0.471984
0.842949
1.24762
1.34167
1.19208
0.708271
0.922055
1.63942
1.37247
1.14268
0.802969
1.17317
1.11743
1.82829
0.817112
1.38162
0.912296
0.93888
1.68143
1.48268
1.23569
0.785693
0.827639
0.657633
0.822317
0.789984
1.28211
1.28837
0.619948
1.40748
1.09255
0.980015
1.1023
1.51236
1.4102
0.840352
0.916446
1.30486
0.573079
0.779069
1.26714
0.483758
0.685672
1.14371
0.991946
1.80365
2.05946
0.633605
0.980995
1.48255
1.04766
0.573492
0.673597
2.20284
1.16255
1.09094
0.458397
1.14723
0.712723
0.929032
0.950854
1.46661
0.99864
0.475466
0.571749
0.89299
0.585119
0.952864
1.97247
1.07939
0.870649
0.891995
1.28247
0.501615
1.41151
1.25483
0.845884
1.27385
0.539947
1.0351
0.799213
1.02169
1.25904
0.614273
0.886255
0.758971
1.81211
1.04224
1.37412
0.859802
1.11517
0.599957
1.07148
0.903598
1.04102
1.52714
1.10061
0.616213
0.860637
1.43703
1.14822
1.12906
0.888941
1.12373
2.47757
0.79694
1.61886
1.15484
1.09811
0.518385
1.11953
0.846453
1.06882
1.11316
1.36989
1.36975
1.35449
0.63327
1.80077
1.40832
0.815812
0.572455
1.05115
0.617061
0.7014
1.84744
1.12132
1.4346
0.9492
0.774055
0.593394
1.19824
1.24266
1.02856
0.654675
0.905414
1.04393
1.49878
0.668838
0.903501
0.687748
0.807847
1.34217
0.922781
0.72595
0.413004
1.32601
0.701663
1.10577
0.808569
1.2972
0.674939
0.653792
0.899679
1.08724
1.11972
1.07133
1.41214
1.12956
0.637029
1.52151
0.916506
0.686869
1.70089
1.30278
1.44619
1.33845
0.657388
0.642663
1.20613
1.75162
1.28296
0.641487
0.911166
0.757035
0.807516
0.90388
0.7939
0.727552
0.423647
0.753256
0.840362
0.788849
0.643154
1.30801
1.03345
0.508884
0.791248
0.981476
0.375864
1.3181
0.81405
1.00798
0.926166
0.535406
1.04393
0.698203
0.765654
1.07864
0.670429
0.86468
0.883315
1.08824
0.463407
0.795737
0.548558
1.42293
0.704645
1.62783
0.664603
1.16336
0.975802
1.17023
0.74563
1.18876
1.01961
0.885477
0.721259
1.25431
1.23495
0.77514
0.507689
0.867844
1.17371
0.958279
1.11354
1.60046
0.749679
0.773441
0.640222
0.791139
1.90139
0.821336
1.11414
0.599834
0.596425
1.06911
0.856895
0.82354
0.762337
1.9194
0.838067
0.873553
0.894641
1.18837
1.12443
1.03153
1.09681
0.661288
0.786809
0.578977
1.12899
0.78801
1.65202
0.922775
0.83856
1.10495
0.83158
0.990753
0.902671
0.722841
1.0136
0.614406
2.16277
0.756709
0.698882
0.581696
0.810299
0.671982
0.824734
1.10456
1.00285
0.921162
1.07164
0.800646
0.825548
1.17059
0.488667
0.624567
0.80962
1.02476
0.628242
0.869469
0.547139
0.792517
1.07487
0.670127
1.249
0.710963
1.14276
1.07263
0.797715
0.839643
1.19557
0.923286
1.22701
0.834788
0.865756
0.64423
0.995659
1.33281
0.827822
1.5508
1.00531
0.801879
0.990747
0.867821
0.726961
0.724761
0.496239
0.61209
1.04128
0.677996
1.16235
1.6255
1.78513
0.735148
1.26103
2.06673
0.743212
0.77696
1.63778
1.32117
0.91869
1.41548
0.69278
1.19142
1.1011
1.29868
1.15708
0.775883
0.556812
1.00189
1.21409
0.839359
0.539777
1.03256
1.33932
1.26657
1.02422
0.798172
0.906888
1.09205
1.01036
0.837276
0.963831
0.631773
1.57479
0.699316
1.04306
0.45115
1.00417
1.50294
1.03684
1.16019
0.939274
0.739558
1.29183
0.914535
0.983321
0.551394
0.853873
0.933875
0.558448
1.08831
0.783899
1.30001
0.913168
1.11834
0.776845
1.24874
0.637937
1.58473
0.860684
0.888429
0.698534
0.705209
0.948396
1.05013
1.08573
0.467565
0.645094
1.61203
0.553009
0.472448
0.837169
0.872799
0.817197
1.04289
1.32803
0.97233
1.04243
0.391898
1.13618
0.828496
0.902165
0.705547
1.63346
0.723621
1.06422
1.05201
1.0299
1.37383
0.839558
1.34862
1.11318
0.926979
1.42827
1.13164
0.994874
1.06182
0.917042
0.931387
1.18414
0.741115
0.975283
0.839709
0.554954
1.14237
0.616081
0.78837
0.718662
0.497507
1.17033
0.512895
0.8378
0.76426
0.485654
0.88251
1.36401
0.820569
1.25773
1.11734
1.01261
0.959797
0.613813
0.674661
0.785192
0.421043
0.712851
1.43156
1.12693
0.641849
1.02415
0.654126
0.943727
0.71113
1.40697
0.80911
1.06453
0.797676
0.654432
1.53549
0.678268
1.48069
0.891523
1.44786
1.12307
1.40019
0.986591
0.851521
1.11926
1.10602
1.11864
1.15155
1.39493
1.42457
0.734728
0.699549
0.557717
1.16231
1.12366
1.0908
0.498485
1.05961
0.851624
1.39371
1.55912
0.529393
0.469107
0.692532
0.792041
0.872534
0.850981
0.546733
0.789838
1.06948
1.02122
1.15834
0.474961
0.942181
1.57176
0.798211
1.66893
1.61055
0.679677
1.553
0.84118
1.17487
0.630494
1.09167
1.1561
0.560205
0.907062
0.687676
1.47743
1.44751
1.21577
1.49883
1.40441
0.753286
1.00396
0.538244
0.544554
1.32564
1.03514
1.26118
0.558642
1.33407
1.10798
0.810407
0.670975
1.11686
0.408779
0.854192
0.636123
1.27604
1.09558
0.75577
1.25613
0.983573
1.18678
0.903749
0.613637
0.926342
0.684251
1.06013
0.771469
0.726612
1.21299
1.03646
1.79721
1.29214
0.732783
1.39148
0.525175
1.31793
0.949415
0.490849
0.994453
1.1957
1.37247
1.21501
0.608644
1.29778
0.458703
1.13181
0.850192
1.0364
0.912879
0.89733
1.01371
0.820288
1.02484
0.591376
0.422392
1.06463
0.67948
1.04342
0.9868
1.45764
0.727436
0.70247
1.12543
0.615878
1.02041
0.967915
1.07555
1.35775
0.758348
1.14579
0.724316
0.978433
0.539608
0.801057
0.978153
0.66699
0.587627
0.550417
0.654395
1.29674
0.949391
1.04041
0.903035
1.16799
0.954483
1.27435
0.757036
0.919798
1.12084
0.628645
0.344166
1.85914
0.907014
0.765035
0.397201
0.634412
0.848449
0.912187
0.775749
1.23928
1.49403
0.736175
0.553861
0.654936
1.48991
1.36595
0.265414
0.888662
1.0888
1.04919
0.521906
0.740885
1.02134
0.811413
1.97956
1.35096
0.746648
0.764434
1.21705
0.7206
0.775844
1.63259
0.875799
1.51177
1.21931
0.923267
0.539318
0.792577
0.99812
1.21571
1.20056
0.826408
1.15094
1.04587
0.681516
0.983706
1.42369
0.773891
1.21166
0.97324
1.5422
1.53839
1.62832
0.917729
1.35643
0.440653
0.801932
0.852828
1.0556
1.36236
1.00891
0.725311
0.586104
0.83251
0.797901
1.5027
0.436373
1.08768
0.978871
1.0413
0.871391
1.23605
0.990365
1.30058
0.609292
0.892078
1.10351
0.968025
0.67805
1.32773
2.1004
1.34324
1.40695
0.942689
0.821038
0.932221
1.08811
1.01144
0.816118
0.54421
0.950346
0.877792
0.558419
0.647269
0.514185
0.942511
0.592646
0.675588
1.38458
0.859164
0.648571
0.867451
0.615722
1.48191
0.858528
1.21593
1.61359
1.69263
1.75654
0.884189
1.25469
1.48999
1.3237
1.32492
0.71195
1.01051
0.664831
1.03921
0.76034
0.502187
0.663204
1.48572
0.875608
0.97222
1.09892
1.02598
1.38248
1.02109
1.12504
0.685914
1.25001
0.981986
0.67375
1.15532
0.864986
0.792077
0.664318
1.31135
0.884707
1.08058
0.725931
0.771085
1.61839
1.20151
0.831386
0.81871
0.874552
1.05921
1.68314
0.861863
0.453665
1.36762
0.811375
0.786676
1.37347
0.6463
1.4549
0.756284
0.783322
1.20161
1.13313
0.821461
0.348723
1.36448
1.16185
0.923436
1.24625
0.638708
1.06609
0.937166
1.11433
1.0392
1.04886
0.769554
0.481198
1.82119
1.36657
0.59885
1.2458
0.875537
0.927389
0.553813
1.32264
0.5965
0.704548
1.36659
1.19734
0.915751
1.02097
0.814892
1.49971
0.612788
0.452714
0.749087
1.2692
0.699138
0.646407
1.61818
1.13833
0.37839
0.891701
0.962339
0.413518
1.78011
0.796048
1.02831
1.06869
1.07018
0.770351
0.788303
0.671753
0.997842
1.02858
0.82805
1.13923
1.57425
0.665808
1.32279
1.01572
0.719274
0.607874
1.58357
0.739432
0.622969
0.841166
1.38451
0.867177
1.15885
1.0349
1.12097
0.421008
1.51688
0.773813
0.976102
1.4769
0.444049
0.779141
0.873673
0.968099
1.19417
1.12472
1.07565
1.16116
0.735171
0.799642
0.824477
0.589391
0.921539
0.844636
0.448903
0.563301
1.10357
1.05686
1.01634
0.943829
1.02501
1.00913
0.807235
1.1524
1.24376
1.25447
0.898558
1.61362
0.955801
0.82238
0.750754
1.43193
1.0344
0.922255
1.52166
0.969759
1.30542
0.567006
0.957769
1.24082
0.884661
0.661555
1.02007
0.904781
0.554599
0.447242
0.735978
1.0266
0.751004
1.33928
1.01455
0.563174
0.858158
0.90891
0.442236
1.22516
1.24035
0.947201
1.05544
0.99694
0.76619
0.708
1.47585
1.70055
0.848686
1.58459
1.05072
1.0058
1.27849
0.700526
1.11616
1.34032
1.00271
0.680619
0.919871
0.814992
1.18548
0.858111
0.926694
0.892355
0.830443
1.44703
0.972864
0.566606
0.919325
0.529474
1.26197
0.924006
1.08392
0.707891
0.376829
1.20601
1.13254
0.880962
1.60223
1.02694
1.08665
0.899326
1.20138
0.676717
0.863056
1.30077
0.826692
0.677737
0.754271
1.08266
0.743551
0.944108
0.824232
0.719063
0.909469
0.912777
1.10214
1.43814
1.26626
1.24106
0.593532
0.743261
0.652866
0.860594
0.686666
0.650495
0.90975
1.00328
1.16794
0.713788
1.28382
0.600749
0.981605
0.630228
0.823997
0.816956
1.12711
0.903622
1.05179
0.765285
1.23418
0.877425
0.484583
1.42111
1.49839
1.00786
0.931599
1.46388
0.705519
0.917529
0.701713
1.36513
0.923914
0.510394
0.897813
0.699279
0.747617
0.904858
1.00048
0.800205
0.438358
0.96876
1.17342
1.02707
1.3167
0.567607
1.07017
1.10556
1.6866
0.673046
1.14402
1.21543
0.621202
0.923856
1.20453
0.816222
0.889731
0.981769
1.21955
0.863228
1.07294
0.883159
1.51546
0.978945
1.14185
0.817588
1.14604
1.06097
1.45371
0.714936
0.836795
1.62196
0.947274
0.96568
0.950139
1.06455
0.803032
1.25288
0.532329
1.02555
0.800696
0.402843
0.875299
1.16746
0.688235
0.75322
0.884159
1.15012
0.963491
1.99049
0.915746
0.92068
1.01277
0.696265
1.88055
1.61133
1.42228
1.03997
1.95303
0.959584
0.936297
0.491381
1.65482
0.890523
0.494408
0.686563
0.412515
0.73958
1.0315
0.956099
0.83475
0.833472
0.705381
0.43246
1.29353
0.501865
0.898127
1.2189
0.660532
0.675154
1.6431
0.968914
1.20865
1.09159
1.2402
0.788828
1.54141
1.03508
0.874361
1.20195
1.09343
1.69438
1.13496
1.0729
0.594732
0.704613
1.07967
0.857074
0.494626
1.51783
1.58334
0.744881
0.536895
1.25106
1.2413
1.49745
0.750999
1.08222
0.88525
1.31978
1.19274
0.82649
0.451644
0.941491
0.858935
0.718644
1.00364
1.23408
1.65667
1.12729
1.04581
0.67466
0.697598
2.06797
1.9978
1.16742
0.567029
0.826461
1.26691
0.845603
0.668435
0.866489
0.675146
0.71617
1.40523
0.909563
1.3456
1.3611
1.39362
1.06635
0.744646
0.876782
0.730821
0.982768
1.07881
0.652317
1.04275
1.55838
0.444423
1.31981
0.60146
0.737194
0.647031
1.12178
0.853272
0.942004
1.36509
1.13634
0.539521
1.56904
1.22301
1.48146
0.790605
1.25951
1.45928
1.02975
1.17091
0.810952
0.589068
0.854274
0.922149
0.894636
0.955294
0.774759
1.27468
1.06339
1.30013
1.47598
1.54231
0.934127
1.14747
0.582249
0.531515
0.791344
0.753825
0.732524
1.40136
1.03531
0.400566
1.17436
1.6843
1.3521
0.941399
1.35555
1.01094
1.67264
0.640202
0.58022
1.65198
1.31728
0.8871
0.748981
0.791579
0.886966
0.563624
0.752622
0.529867
1.45431
0.730315
0.686665
1.06077
1.86336
1.08839
1.06118
0.87963
1.25238
0.929878
0.963915
0.731563
0.98909
0.541611
2.27281
0.716737
1.58348
0.895684
1.17037
1.5276
0.899256
0.671993
1.23526
1.09445
1.18973
0.646695
1.28804
1.55379
0.9801
1.35022
0.726119
0.756289
0.930464
0.807951
1.12125
1.10532
1.81063
1.09637
1.407
0.827641
1.16973
0.83815
0.738768
1.10908
0.732583
0.593071
0.84481
1.62495
0.86126
0.960082
1.23694
0.942344
1.07242
1.53896
1.01807
0.851304
0.652476
1.21562
0.785433
1.32941
1.56186
0.964776
0.767925
0.928835
0.74103
1.38976
1.11899
0.721356
0.780066
0.947933
1.37184
0.840558
0.783955
0.78219
1.16462
0.757379
0.764892
0.59609
0.733044
0.568538
1.20359
0.793165
0.968825
1.42869
0.885384
0.879388
1.1684
0.738021
1.00937
0.95112
0.475368
0.701911
1.47631
1.46763
1.28731
0.937135
1.18435
1.26158
0.922038
1.44913
1.12497
0.894149
1.26837
1.24421
0.968287
0.491119
1.22648
1.21244
0.96955
0.798209
1.38133
0.660642
1.07158
1.83129
0.684376
0.407735
0.846094
0.756149
0.810012
0.822522
0.671229
0.691001
1.19361
1.25903
1.25791
0.68686
0.831126
1.7478
0.762108
0.70688
1.25382
0.99086
0.498309
0.807693
0.903448
1.37111
1.09313
0.814485
0.446438
1.04349
0.819
0.956888
0.733429
0.988433
0.421378
0.756064
1.20025
1.01677
0.505737
1.56005
0.867955
0.87899
0.734682
0.797371
0.684449
0.581491
1.13449
0.973351
0.943461
0.858438
0.650739
1.12413
0.813449
0.858434
1.07508
0.994072
0.630691
0.99578
0.691499
0.981628
1.15136
0.576659
0.61527
1.09291
1.20226
0.495518
0.948047
0.941449
1.07169
0.93899
1.02815
1.4865
1.022
0.758116
0.767859
1.06254
1.52961
0.860411
1.50981
1.69567
0.728746
0.799675
1.75745
0.849394
1.05282
1.11603
1.5175
0.917984
1.07585
1.84361
0.929014
0.933314
1.67023
0.586324
0.795993
0.924421
1.27308
0.894058
1.01264
0.859429
1.52156
0.961236
0.921807
0.885434
0.604681
0.75991
1.67405
0.964925
1.11611
0.816912
0.841738
0.582166
0.95097
1.33106
0.484932
0.451598
0.779423
0.506204
0.797871
0.883353
1.29765
1.58938
0.880039
0.781765
1.07634
1.00425
1.62368
1.16593
1.1071
1.37787
0.833218
0.373958
1.70457
0.973247
1.26332
1.21375
0.574055
0.734377
0.568329
0.707323
0.605514
0.564352
0.857477
0.805714
0.634226
0.763925
1.02415
1.58605
1.04453
1.21756
0.785927
0.759925
0.748448
0.887085
1.10265
1.2714
1.03684
0.423113
1.76075
1.60469
0.830494
0.437246
0.597766
1.04805
1.73014
1.30195
1.05495
0.828528
0.882163
1.03271
1.21248
0.861058
0.8004
0.916369
1.24986
0.926587
0.798055
1.10127
0.971198
1.13747
0.64426
1.2237
1.22894
0.784654
0.929162
1.29876
0.752889
1.36265
0.935612
0.304912
0.845373
0.795582
1.27555
0.944411
0.810298
1.1563
1.04413
1.04892
0.644263
0.568212
0.895769
0.954754
0.902782
1.35923
0.800836
0.7016
1.2441
0.894568
0.798435
1.22748
0.989325
1.2598
0.723203
0.881831
1.62615
1.12686
1.24163
0.717189
1.2522
0.669029
0.784141
0.963916
0.463743
1.02172
0.723934
0.818661
1.03325
0.524421
0.655958
1.04516
1.03105
1.00198
1.54411
1.18851
1.31033
0.91813
1.12775
0.672848
0.941854
1.08731
0.929423
1.56261
1.10016
1.16848
1.89054
1.47522
1.24829
1.11905
0.689426
1.48791
1.34673
0.734128
1.43392
1.29367
0.904316
1.2559
0.792522
1.11637
0.830743
0.64184
1.65753
1.2643
0.5401
0.922712
1.08356
0.959901
0.861245
0.768013
0.548509
1.04861
0.61896
0.433728
1.22078
0.539092
1.09782
0.796211
1.07915
0.584639
0.969909
0.465578
1.1342
0.499439
0.281405
0.73862
1.4804
0.903859
0.878285
0.976591
0.856961
0.799636
1.20162
0.726684
1.12582
0.742932
0.775271
0.759474
0.723469
1.07116
1.03393
0.893396
0.993015
0.985981
0.587015
0.576496
0.58999
0.548348
1.40342
0.558634
0.916121
0.974534
1.17145
0.684962
0.60342
1.24959
0.926656
1.0406
0.939256
1.78977
1.11519
1.2048
0.769835
0.631645
0.966769
1.28752
0.717798
0.548044
0.760884
1.04829
0.663317
1.52625
0.810784
1.5171
0.767768
1.07516
0.849397
1.33353
0.529018
0.586688
0.768003
1.20959
0.947596
1.67015
1.69964
1.05944
0.436331
1.63042
0.572587
0.670359
0.980411
0.871843
1.77908
1.23997
0.636063
0.879407
0.728677
1.15398
0.892662
1.02876
0.858552
0.904331
1.12433
1.32044
0.713033
0.518827
0.711255
0.905466
0.979357
0.824273
0.955808
0.987528
0.883751
1.00013
0.628615
0.903328
0.945553
0.559164
1.19312
0.746598
1.47215
0.638986
1.09083
1.22267
1.28531
0.689213
1.66378
1.04493
1.43209
0.659965
1.16619
0.954867
1.01983
0.424292
1.09146
0.56473
1.11489
0.886132
0.995914
0.655734
0.713205
0.951453
0.786562
1.03502
0.477351
1.13695
0.582465
0.898894
1.15847
0.993028
1.73904
0.590931
0.793647
1.11611
0.972286
1.36323
0.706236
0.898479
1.32996
0.455337
1.18351
0.78419
1.27606
0.561705
1.32389
1.62956
0.703204
0.904923
1.16496
1.43373
1.03527
1.10984
0.937115
1.65573
1.03645
0.570513
0.740371
1.15948
0.629703
1.10188
1.02668
1.28733
0.846093
0.72626
0.854451
0.871138
1.17074
1.07729
1.30842
1.1197
0.476624
0.905274
1.02861
0.991988
1.13169
1.11523
0.974866
1.25341
1.28731
0.906868
1.54143
1.14573
1.64132
1.80197
1.06306
0.836159
1.46785
1.06866
1.19438
0.768343
0.904897
1.37456
0.680299
1.37207
0.765446
1.19853
0.512111
0.731604
0.849827
1.50768
1.25281
0.465016
1.27141
1.46102
0.414075
0.852326
0.769139
0.691449
1.29048
1.27416
1.63298
0.802312
0.781589
0.505531
0.411879
0.998419
0.72944
1.04696
1.36751
0.78163
1.63917
1.20573
0.598478
0.711493
0.542603
0.458188
0.565786
0.877693
1.39496
1.22001
1.03805
1.67618
0.821385
1.02654
0.835822
0.936878
1.15838
1.10965
1.91358
0.683883
0.847485
1.80185
0.948128
1.00092
0.745991
1.06188
1.31779
1.20336
0.915687
1.3339
0.842872
1.15279
1.3534
0.994315
0.459791
1.45452
1.57139
0.658648
0.828135
0.67849
1.36187
0.810198
1.86778
0.876454
0.696518
1.26078
0.763856
1.61892
0.717352
1.41118
1.71428
0.938022
0.719435
1.0356
1.39508
1.3924
1.55567
1.08972
0.930323
1.34023
0.899866
0.546218
1.04068
1.13543
0.698342
1.07144
1.77301
1.54034
0.837564
1.24566
1.31135
1.02694
0.699954
2.06578
0.910966
0.831077
0.27235
1.16752
1.08956
0.904752
1.4483
1.13031
0.969641
0.590484
0.900502
0.741356
1.22589
1.10369
1.13266
1.15791
0.975903
0.853667
0.92494
1.23231
0.707806
0.712307
1.02221
1.02195
1.28612
0.625177
1.70069
0.550788
1.15645
0.810181
1.10909
1.51184
0.741644
0.95435
1.7548
0.617143
1.30473
0.637487
1.49739
0.782812
0.50754
0.835716
0.804366
1.20129
1.07146
0.86841
1.07419
0.732233
1.26553
0.525396
1.15999
1.14114
1.09653
0.633999
0.778927
0.758776
0.952881
1.2297
0.944145
0.743036
1.02466
0.577532
0.800392
0.758452
0.966773
1.45901
1.27288
0.778693
1.04318
1.50678
1.96849
0.730538
1.02716
1.08211
0.607517
0.991662
0.37127
0.905364
0.848637
1.28301
0.941296
0.827132
0.940028
1.22607
0.605376
1.49584
1.2351
0.623774
0.748571
1.07213
0.739573
1.12412
0.718694
0.880054
0.803083
1.0088
1.94693
1.48
0.685034
0.808405
0.939702
0.712101
1.15516
0.758181
0.638991
0.534158
1.73432
1.49647
0.865295
1.25022
1.63643
1.35073
0.936767
1.43921
1.07926
1.14422
1.18305
0.639629
0.475715
0.62183
1.15311
0.947497
0.574193
0.902158
1.38161
1.3582
1.08969
1.16188
0.443098
0.894408
