0.978487
0.898865
1.09
1.09925
0.936852
1.0319
0.948237
1.05402
1.0499
0.833523
0.9982
0.961485
0.896092
0.94429
0.859908
0.894276
0.92078
1.04902
0.894957
1.03882
1.12864
1.18873
1.07193
1.34805
0.960889
1.14415
1.0439
0.94218
1.04814
1.10621
1.19306
0.800457
1.17388
0.959282
0.977382
0.975248
1.02069
1.09433
0.769443
0.888939
0.940355
0.828715
1.13035
1.04979
1.07558
1.13854
0.991739
1.07318
0.98568
1.15675
1.12831
1.10837
0.953616
0.978021
0.89482
0.962907
1.02353
0.841067
1.13141
1.09794
0.898992
0.903434
1.08083
1.06335
1.15014
1.11474
0.934449
1.04375
0.905466
1.03979
1.04308
0.900335
0.964362
1.24839
0.946302
0.913218
0.781484
1.13755
1.14507
0.950034
1.03616
0.849451
0.844449
0.916193
1.01581
0.915769
0.982491
0.824235
1.02408
0.981893
1.12109
0.935086
1.06178
0.956911
0.988194
1.00084
1.07939
1.01264
1.00447
0.928735
0.983378
0.997045
1.0285
1.19787
0.815848
0.994764
1.01424
0.917847
0.872497
1.067
1.0204
0.752713
0.95097
1.00394
1.04318
0.980138
0.900413
1.00647
1.13562
0.961051
0.995607
0.996117
0.971024
1.08032
0.989703
1.01088
0.949671
1.0577
1.1182
0.970461
0.930464
0.83803
0.953976
1.34606
1.04299
0.974778
0.757985
0.930273
1.0805
1.04911
1.00159
1.12629
0.976253
1.03311
1.12342
1.01167
0.88091
0.971169
1.04577
1.0212
0.91742
0.934895
1.02793
0.994341
1.014
1.00188
0.856568
1.05914
1.02526
1.07111
0.823318
1.07079
0.946049
0.842038
1.00454
0.984204
1.09788
0.995612
1.08299
0.938529
1.03808
1.07352
0.921177
0.951272
1.11829
0.96272
1.04294
1.02207
0.909317
0.94464
1.04784
0.799983
0.932618
1.03759
0.867819
1.006
1.2353
1.00699
0.861885
0.912321
1.04761
1.06391
1.20819
0.866133
1.01967
1.12384
1.07234
0.87318
1.11393
1.07447
1.12843
0.917736
1.10883
0.963879
1.03855
0.818822
1.05135
1.00757
0.986027
1.01729
0.89071
1.03857
0.813113
0.995188
1.12974
1.07255
0.895677
1.10315
1.05223
0.953429
0.945028
1.07899
1.12795
1.01691
0.84938
0.92796
1.11346
1.03456
0.919745
0.911614
0.992357
0.974266
0.861802
0.989099
1.03172
0.988698
0.992647
0.89997
1.08541
0.995393
0.989595
0.814094
1.06318
1.00698
1.01267
1.0554
1.19923
1.05078
1.13114
0.858164
1.03044
1.22391
1.04016
1.15758
0.929633
1.07402
0.89572
0.997664
0.947009
0.994003
1.08242
0.980123
1.11891
1.12596
0.952741
1.08972
0.939996
1.16498
1.12537
0.782753
0.88528
0.844384
0.991293
0.907191
0.718555
1.13971
0.924968
1.03304
0.982146
0.924563
0.9466
1.04076
1.04444
1.01219
1.11988
1.02352
0.927746
0.913895
0.965173
0.890931
1.06212
0.886884
1.05944
0.993059
0.965982
0.90684
1.06928
0.91959
0.902472
1.04487
1.29923
0.94
1.11203
0.960814
0.959161
1.23467
0.807695
1.08336
1.07771
1.0011
1.0514
1.19138
0.780674
0.930771
0.967185
1.09124
0.9092
1.05797
1.03557
1.01174
1.16634
0.862876
0.987995
0.876143
1.03901
1.03533
0.933098
0.85776
1.17296
0.963601
1.05626
1.11999
1.1863
0.973377
0.94234
1.14296
1.0357
0.896536
1.28903
1.08936
0.900854
0.970829
1.06952
1.02539
0.936706
1.14496
0.985134
0.996026
0.909368
0.981086
1.16128
1.00838
1.0324
0.898232
1.04389
0.989687
1.10266
1.0059
1.20351
0.978342
1.09068
0.857902
0.963997
1.07631
1.00364
0.925051
0.894966
0.875529
1.10867
1.00276
0.981326
0.914972
1.24211
1.15674
0.957
0.968301
0.93008
0.973316
1.27755
0.984193
0.954969
0.928454
1.26009
1.16179
1.11056
1.01126
0.783623
0.920944
1.24356
1.2386
1.04688
1.16304
1.16657
1.12269
0.911721
0.9999
1.10653
1.18471
0.951685
1.03374
0.942405
1.02934
1.01872
0.900778
0.922536
1.17085
1.03263
1.01192
1.11481
1.0298
1.00667
0.986458
1.20184
0.961747
0.855594
0.980168
1.16356
1.08193
0.924758
1.00189
1.03042
1.20537
1.1358
1.03987
0.972249
0.864445
0.798685
0.942554
0.998029
1.21942
1.19232
1.1223
1.00816
0.959629
1.09195
0.851298
0.832278
0.959583
0.975149
0.811884
1.07878
0.92176
1.11867
1.09946
0.934748
0.99246
0.818778
1.18363
1.04255
0.898566
0.884005
1.03528
0.835655
1.17965
1.08416
0.994818
0.882986
0.975223
0.911922
1.02982
0.894829
1.10011
0.961368
0.942702
1.05651
0.786496
0.994247
0.955085
1.27862
1.11294
1.13481
0.990586
0.923221
1.07221
0.872967
0.911813
0.940021
0.98936
0.880155
1.09632
1.10575
0.962904
0.933344
0.921433
1.02638
0.94124
1.05304
1.06313
1.03007
1.06369
0.918334
1.00616
0.921784
1.08063
1.05214
0.932252
0.922201
1.06273
1.17797
0.915507
0.973853
0.789483
1.13629
0.919334
0.916241
0.976558
1.17508
1.15547
0.90571
1.0236
0.915179
0.875919
1.0045
0.911711
0.999291
0.965947
1.10982
1.16059
0.971941
1.11786
0.802543
1.04662
0.972495
1.13375
0.96759
0.97818
1.07752
0.963019
0.957462
0.949516
0.840926
1.1836
1.0493
1.03747
0.89596
0.886016
0.879566
1.0265
0.895716
1.001
1.17674
1.09804
1.09266
1.03114
0.974879
1.07278
1.10043
1.11697
1.18561
0.948209
1.09078
1.0949
0.920394
0.935908
1.03285
1.0343
0.951396
1.19493
1.04043
0.768702
0.939052
0.959172
1.02714
0.93881
0.876048
0.899755
0.988138
1.24017
1.08373
1.09107
1.08707
0.996772
0.95267
1.04909
1.01092
0.938084
0.943172
1.02182
1.02325
0.983654
0.881952
0.937776
1.04904
0.913536
1.01419
1.17183
0.930287
1.13784
0.990106
1.06747
1.0507
1.2166
0.987956
1.03618
0.936327
1.06868
0.949149
1.13508
1.03306
0.979278
0.94253
0.981705
1.0305
1.0717
1.21722
1.04774
1.13278
0.898767
0.880949
1.08805
1.16329
1.00235
0.923756
0.945956
1.14774
0.958872
1.01288
0.887774
1.01185
0.845012
0.911621
1.09486
0.991643
0.972339
1.09055
1.00726
0.726655
0.888004
1.05728
1.07047
0.94214
1.09318
1.01685
1.01419
1.085
1.02177
0.958679
1.17367
0.937684
0.990705
0.97273
0.952165
0.957082
1.03013
1.05195
0.87317
0.846132
1.25717
1.09273
1.01611
0.877387
1.0908
0.944776
1.19741
0.974247
1.08693
1.04992
1.03939
1.02649
1.01734
0.873911
0.82389
1.01824
1.30813
0.79501
0.929266
0.930281
1.09407
1.00763
1.0227
1.00298
0.997572
1.00442
0.898998
1.08352
0.792965
0.943241
0.993234
0.920188
1.07062
1.08195
0.994882
0.951668
0.916376
1.05775
1.02317
0.863258
1.03723
1.06167
1.1533
0.824687
1.0078
0.884507
1.08305
0.9589
1.06664
0.806493
0.863187
1.17843
0.92925
0.855642
0.90736
0.987211
0.86118
0.904321
1.06759
0.88335
0.978307
0.987273
1.04085
1.00826
1.01068
0.798363
1.00176
0.967054
0.884985
0.840483
0.86443
1.03629
0.852774
1.04854
0.972678
0.866193
1.03783
1.11564
0.988588
1.08756
1.10279
1.06916
0.967717
1.21439
0.975692
0.979491
0.837876
1.04418
0.966598
0.884775
0.98965
1.02345
0.998376
1.01175
1.06659
0.957209
1.07595
0.930558
0.98916
0.995306
1.14834
1.01346
0.856287
0.982948
1.02749
0.829639
0.964323
0.944368
0.861402
0.949173
0.951997
1.24002
1.02376
0.937399
1.05857
1.1474
0.884445
0.861849
1.11555
0.97132
1.00491
1.16242
1.0266
0.92186
0.926226
1.01368
1.01528
1.0081
0.885332
1.06443
0.964178
0.864842
0.987826
1.00907
0.963069
1.18486
0.950385
1.1547
0.932398
1.06107
1.10905
0.931725
0.880182
1.09387
0.967277
0.858199
0.95159
0.838248
1.04329
0.918072
0.842536
0.983302
1.01365
1.28066
1.10768
0.907193
0.92933
1.16182
1.00588
1.00159
0.921675
0.953353
0.91795
1.05702
0.879762
0.970493
0.99972
0.889861
1.01137
1.02348
0.934922
0.909601
1.16575
1.1863
0.975572
0.88197
0.876746
1.03481
0.835735
1.10315
0.999098
1.10319
0.956442
1.07256
0.879387
0.810613
1.16905
1.0065
0.991581
1.02582
0.775416
0.933832
0.873462
0.997111
0.846099
0.898387
1.00493
1.04314
0.991246
0.993925
0.895026
0.776244
0.992671
0.949008
1.1861
1.21377
0.905312
0.89263
0.833834
1.12696
0.824748
0.897003
0.895562
1.08782
1.07123
1.12156
1.11074
0.938892
0.968479
1.07914
1.22964
0.927889
1.22864
0.952919
0.947713
0.869888
0.962503
0.880647
0.85586
0.961446
1.05135
0.933345
1.0184
0.829295
0.8726
1.15359
1.11175
0.929592
0.88502
0.896177
0.843602
1.03462
0.990469
1.07255
1.06508
1.05812
1.06913
0.80558
0.790407
0.967773
1.1761
1.12998
1.15804
0.940575
0.945682
0.998106
1.02626
1.05323
0.99988
0.925558
0.908832
0.8918
0.875494
1.05767
0.951606
0.928682
0.838121
0.812099
0.846529
1.03721
0.918005
1.03392
0.903843
1.11898
1.20014
1.038
1.10389
1.01988
0.920671
1.11629
1.06813
0.980305
0.938322
0.931959
1.05835
1.16415
1.09371
1.13112
1.22808
1.01816
0.946334
1.02337
0.958894
0.905651
0.953181
0.890933
0.90832
0.957235
1.09951
1.02186
1.02417
1.0344
0.906158
0.931052
0.958081
0.995235
0.997483
1.0198
1.11515
1.07046
0.933211
1.10271
0.843746
1.20403
1.13912
1.14347
0.902111
1.18209
1.08201
0.84251
0.908946
0.978893
0.97915
0.935298
1.14559
1.01055
0.82027
1.05225
1.025
0.730458
0.804592
1.02981
0.974047
0.992284
0.844359
0.96025
1.01627
0.993618
0.902176
1.00214
1.02351
1.0423
0.984055
0.878649
1.03468
0.964846
0.983153
1.04777
0.993729
1.12731
1.2582
0.863548
1.03594
0.927236
0.914433
1.06011
0.840249
0.973748
1.08039
1.12318
1.16068
1.0903
1.02652
0.915056
1.04587
1.0568
0.888279
0.919135
0.953876
1.23308
1.09827
1.27306
1.08989
0.904174
1.12477
0.949608
1.01254
1.00714
0.987395
1.12357
0.869798
0.986784
1.04493
0.946409
1.07535
1.02496
1.1238
0.925823
0.736562
0.885243
1.08729
1.0666
1.15691
0.958032
0.871177
1.01049
1.03445
0.917554
1.09157
1.07041
1.16139
0.8553
0.999527
1.02851
0.997196
1.15682
0.83899
0.954489
1.05947
1.07635
0.972105
1.073
1.14702
1.11382
0.991972
0.945264
1.0412
0.977664
0.982574
1.1323
1.02131
0.939224
0.967135
1.02602
1.04022
0.97452
1.07607
0.939129
0.955384
0.851675
1.01156
1.02335
1.05468
0.904551
0.876334
1.04712
0.99612
1.01997
0.992712
0.967697
0.968187
0.915272
0.929062
1.06473
0.981158
1.13676
1.02913
1.21444
0.933618
0.852289
1.0276
0.874706
1.06166
1.11938
1.0312
1.01328
1.2989
0.999355
0.929247
1.01334
0.988793
0.814413
0.947619
1.02748
0.870104
1.08381
0.941446
0.92533
1.07373
0.898284
0.883025
1.08454
1.0636
0.843004
1.08855
1.27864
1.11761
0.993422
0.915385
0.907186
0.90966
0.852664
1.01975
1.00658
0.851794
0.830191
0.99776
1.01291
0.89576
0.942582
1.00595
0.871548
1.1546
1.02536
1.1769
1.08296
1.06731
1.02496
0.969263
1.106
0.958948
0.809515
0.974651
0.98761
0.99885
0.85232
1.16954
1.00004
0.968913
1.06619
1.03725
1.04715
0.826563
0.910641
0.961324
1.11802
1.04063
0.95537
0.947496
1.04601
0.993979
1.04412
1.16882
0.984688
1.03295
1.06086
0.950752
0.893814
0.972989
1.11305
1.13858
0.862756
0.962165
1.17863
0.861227
0.866992
1.05677
0.888145
1.0906
0.968208
1.03902
1.0318
1.08274
1.01965
1.2717
0.946469
0.996832
1.14919
0.875123
1.06134
0.981944
0.994824
1.08961
0.795391
1.10787
0.873264
0.965312
0.940692
1.09452
1.09638
1.03171
1.02059
1.04805
0.887815
0.996073
0.977753
1.08941
0.998003
1.14749
0.79815
1.08271
1.0027
1.04941
0.949846
0.845457
1.03975
1.03679
1.0019
0.904674
1.04715
0.882289
0.94062
1.19129
0.914492
1.02514
1.17534
1.12605
0.997981
1.22566
1.00023
0.908253
0.982396
1.09542
1.07384
0.928236
1.02852
0.880169
0.905786
1.06988
0.819313
0.985878
0.91256
0.847484
0.834144
0.965161
0.950546
0.935551
1.10999
1.05168
1.14904
1.01685
0.830946
1.01581
1.04575
1.01281
1.1212
1.02156
0.803435
1.0992
0.947883
1.0778
0.922761
0.971775
0.845531
1.05282
0.876658
1.19396
1.00817
0.872242
0.91777
1.12751
0.93403
0.936603
0.978704
0.965775
1.0013
0.939415
0.999869
1.11245
1.1366
1.08385
0.847279
1.0293
1.00372
1.09208
1.18113
1.17914
0.968037
0.904627
1.07893
1.04542
0.978799
0.961014
0.935313
1.01962
1.09872
1.2172
1.03528
1.02472
0.978195
0.874325
1.10201
0.995364
1.06428
1.06137
0.956958
0.964429
1.1776
1.07025
1.09967
0.916915
1.02707
1.00595
1.04323
1.0303
1.0476
1.05475
1.0857
1.07668
0.812364
0.866143
1.09553
0.953385
0.936849
0.916872
1.08873
1.18506
0.882841
0.824619
1.02161
0.878615
1.03547
1.06829
1.10646
0.99816
1.06592
1.04955
0.931087
0.95099
0.862069
1.0128
0.912075
1.05236
0.979149
1.06674
0.834476
1.044
1.0015
1.06386
0.904321
1.10722
1.02401
0.999114
1.08455
0.773746
0.883296
0.99638
0.939827
0.938397
0.990609
1.11309
0.816139
1.06819
0.879841
1.02165
0.925209
0.974363
1.07808
0.987748
1.06806
1.17276
1.02413
1.22954
1.03962
0.889
1.20996
0.930058
1.06222
1.05164
0.968961
0.862896
0.941849
1.11101
1.04762
1.06517
0.940677
0.947228
1.1242
1.01964
1.10334
0.912062
0.994525
1.08548
0.972802
1.22013
1.02734
1.05045
1.01941
1.14007
0.844873
0.858132
0.925821
0.844701
1.21205
0.985926
0.903854
1.16069
0.993613
0.947207
0.986521
0.73845
1.14787
1.07523
0.911628
0.85682
0.900873
0.754877
0.993284
1.0226
1.06176
0.75776
0.964174
0.938775
1.04448
1.02219
0.946078
1.02515
1.16754
0.997725
0.758486
1.02336
0.892475
0.979625
0.894569
0.98023
0.820586
1.06796
0.886147
0.869221
1.05125
1.06116
1.01599
1.06044
0.918208
0.911043
0.856855
0.954579
0.927938
0.956015
1.02645
1.01695
1.19543
1.12806
1.04757
1.0465
0.949281
0.822634
1.09964
1.00484
0.966941
1.12052
1.03231
0.858856
1.21412
1.00579
1.12491
1.05232
0.762325
0.971651
1.00627
0.977082
0.990073
1.03407
0.839738
1.12003
0.964478
1.01418
0.945767
1.10291
0.819739
1.02743
0.889677
0.949163
1.11858
1.00973
0.79744
0.944397
0.923608
1.2238
1.18833
1.00538
0.968796
0.867645
0.989515
1.14831
1.06607
0.938759
0.960657
1.05015
0.906771
0.901936
1.09365
1.22068
0.975818
0.888298
0.990362
1.03936
0.81571
1.06617
1.29759
1.11813
0.867557
0.932381
0.925794
1.00935
0.919162
1.00443
0.952962
1.0611
0.914646
1.01393
0.975884
0.866251
1.0559
1.04432
1.22102
1.14449
1.14581
0.974344
1.09786
0.952606
0.915294
1.0827
1.19653
1.07121
1.07051
1.08068
1.1585
1.03828
1.07842
0.927
0.831283
0.795343
0.943581
1.06414
1.04785
1.01097
0.952594
0.820897
1.09136
0.959742
0.975738
1.02129
0.89689
1.04778
1.08502
1.06308
1.16727
1.07374
1.01072
1.10206
1.16664
1.06269
0.999962
1.0397
0.997562
1.01699
1.21748
0.968148
0.913389
1.07764
1.12711
1.00011
1.16881
1.20855
1.07786
0.997617
1.06343
0.969978
1.15033
1.01531
0.995071
1.03086
1.23133
0.969379
0.892079
1.04763
1.01176
0.879173
0.893226
1.04926
1.05643
1.13592
1.20102
0.969718
1.07121
0.88579
0.867217
0.970262
0.833892
0.950684
1.01408
0.969504
1.08191
0.932568
0.954422
0.930622
0.923768
0.887872
0.767915
1.16667
0.948242
0.960451
1.06919
1.05325
0.99157
0.93491
1.07272
1.04482
1.17145
0.92839
0.900072
1.15708
1.1207
1.09761
0.905697
0.939777
0.856049
0.918915
1.08113
0.922068
0.803582
0.943794
1.07642
0.990163
1.2198
0.845728
1.05523
0.976791
1.05128
1.16032
1.17548
1.09831
1.00798
0.941317
1.04322
0.933602
1.12648
1.15486
0.979032
0.746398
0.864013
0.980957
0.976588
0.992427
0.89761
0.868914
0.99483
1.01857
0.852121
0.903145
1.04134
1.12632
0.980758
0.908091
1.02547
1.04049
0.939399
0.941653
0.976388
0.971511
1.13869
1.00329
0.91815
0.972242
1.0557
1.16844
1.12157
0.972601
0.895872
1.00863
0.939655
0.834859
0.996877
0.983705
0.934777
0.900222
0.954
1.05305
1.00989
0.923948
1.05958
0.949319
0.952497
1.13437
1.0176
0.983649
1.02555
1.05902
0.985205
0.951834
1.03537
1.00732
0.908142
1.0739
0.916551
0.908426
1.05078
1.04797
0.897509
0.827434
0.898039
1.04974
0.949853
0.999498
0.924976
1.09164
0.939809
0.874803
1.09253
1.01487
0.731388
0.967609
0.936976
0.929587
1.12496
0.877115
0.954818
1.09037
0.984405
1.075
1.07122
1.07178
0.948225
0.942348
1.09337
0.966916
0.933727
1.00931
0.959499
1.20952
1.1942
1.06337
1.05929
0.910977
0.793925
1.09928
1.11004
1.03475
1.03787
0.910297
0.968004
0.961795
0.919157
1.0103
1.13317
0.8534
0.931707
1.02813
1.07556
1.11501
1.07477
1.08094
0.974884
0.869578
1.1552
1.02438
0.927145
1.0565
0.909172
0.849052
1.17918
1.03632
0.933666
1.01955
0.790792
0.959519
0.963207
1.00902
1.08158
1.0586
0.908545
0.980105
1.13909
1.05525
0.996674
1.16702
0.938578
1.0598
0.997892
0.867468
1.08611
0.999677
1.01207
1.18977
1.01535
0.88606
0.979696
1.03868
1.06517
1.00525
0.978867
0.863832
0.767636
1.00884
0.81641
0.920733
0.945364
0.860382
0.952105
0.972284
0.775801
0.908013
1.10973
0.885588
0.96871
1.05369
1.15808
0.913251
1.00968
1.05273
0.951372
1.04915
1.06469
0.929709
1.16284
1.03993
0.936933
0.91238
0.968595
0.974311
0.984987
1.10192
0.890436
1.03391
0.974908
1.03727
1.0018
1.07137
1.07034
1.23601
0.865622
0.93939
0.977011
0.938869
0.812306
1.18328
1.00267
1.10227
0.983942
1.2417
0.985578
0.850123
0.974357
1.14984
1.05469
1.02092
0.954242
0.959974
1.05826
1.18768
0.934331
0.821726
0.921948
0.995879
1.09492
0.954279
0.935941
0.9559
1.00129
0.982136
0.81707
1.062
1.09283
0.864728
0.929557
0.974194
1.06299
0.883618
0.973777
1.06126
0.956728
0.831575
0.979409
0.995435
0.968611
1.04621
0.976572
0.987133
1.08009
0.923544
1.18739
0.975356
0.987469
1.04426
0.81419
0.92879
0.989425
0.886801
1.065
1.01369
1.00225
0.969743
1.1042
0.960392
0.900867
1.0203
0.981763
0.853037
0.845068
1.0841
0.81831
0.911155
0.788435
1.02848
0.912873
0.730496
0.882253
0.911046
1.00373
1.04398
1.00371
0.869079
1.04235
1.00542
1.16512
1.13482
1.09275
1.00282
0.924469
0.896545
1.12417
1.11842
1.04431
1.07845
1.11077
0.923777
1.08352
0.911417
1.11479
0.870741
1.04817
1.02936
0.937906
0.954537
1.01192
0.929933
0.941256
1.1299
0.978484
0.995945
1.03178
0.978723
1.07028
0.945648
0.979723
1.10033
0.919059
0.962597
1.23611
0.926692
1.21886
1.08501
0.824132
1.02902
1.04785
0.814542
1.14991
0.993931
0.99746
1.06291
1.07948
1.0733
0.933991
0.961991
1.05442
0.942672
1.00987
0.972185
0.854328
0.963638
1.13604
0.985561
1.02286
1.18103
0.98102
0.981019
0.938034
0.980085
0.946736
0.850973
1.09276
1.14333
1.03741
1.12914
0.984055
1.01846
0.898423
0.987221
1.04406
0.916879
1.0923
1.10611
0.966373
1.11157
0.963633
1.03296
0.933936
1.00328
1.09636
1.01934
1.0623
1.14942
0.926215
1.02051
1.02179
1.06691
0.927379
1.04207
1.03498
1.06954
0.94407
1.20901
1.07056
0.893897
0.991584
0.972976
0.892345
1.02741
1.05303
1.01416
0.898472
0.909536
1.05894
0.945946
0.933294
1.1282
0.931741
0.971982
1.07696
0.829713
0.986135
1.04003
0.852568
1.13154
1.24241
1.01235
0.946544
1.07798
1.11443
0.779441
0.918403
0.899944
0.9403
1.1206
1.20625
0.984062
0.947275
0.990872
1.04168
1.1765
0.8468
1.05768
1.08396
0.997091
1.16449
0.910488
0.894175
1.06375
1.03439
1.14571
0.982398
0.972348
1.07214
1.0324
0.85457
0.959616
1.00681
1.10099
1.00834
0.885579
1.0162
0.864249
0.871042
1.07199
1.00301
0.837361
1.07457
1.0294
1.07928
0.937245
1.01165
0.992298
0.948256
0.799846
1.1564
1.0023
1.08431
0.996322
1.15793
1.05717
0.875845
1.20112
1.11814
1.17778
1.12188
0.952071
1.14569
0.9532
0.944137
0.846673
0.87257
1.07622
1.02179
0.821537
0.927826
1.08783
0.895241
1.03259
0.961124
0.972318
0.936696
0.866069
0.997646
0.854221
1.26298
0.797735
1.1124
1.00293
1.08245
0.956864
0.988674
0.970084
1.04522
0.983657
1.18211
1.21388
1.07611
1.23547
0.974998
1.09951
1.06767
0.942766
0.979637
1.21275
0.942995
1.09225
0.862807
1.06652
0.943847
1.09352
0.91198
0.914957
0.998234
0.991063
1.06444
1.0204
0.817494
1.0299
0.932457
0.993105
0.967866
1.26171
0.980407
0.954955
0.979836
0.978598
0.931053
1.11385
0.855976
0.835932
0.946314
1.08656
1.09478
0.983689
1.04733
1.05821
1.01329
0.987056
0.945037
1.05854
0.817169
1.05575
1.06527
0.913732
0.925044
0.977497
1.05477
0.930246
1.0633
0.952291
0.989447
0.910515
0.952115
0.950115
0.927043
1.05145
0.896984
1.07464
0.875909
1.0411
1.07223
1.17627
0.959917
1.03414
1.14636
0.992706
1.07446
1.0276
0.9767
0.79508
1.05666
0.771983
0.88397
0.968606
1.06994
0.959723
0.978789
1.04815
1.15095
0.892085
1.26604
0.940483
0.949928
0.987732
1.0629
0.966249
0.890288
1.16054
1.01691
1.18274
1.10066
0.958352
1.11595
0.884293
1.01116
0.935928
0.904105
0.975275
0.998797
1.01242
1.09496
1.0175
0.857635
1.08619
0.846624
1.00631
1.05862
0.949244
0.919372
0.923836
0.946823
0.870594
0.906521
0.998333
0.966074
0.875065
0.911767
0.864685
0.994372
1.07751
1.14897
1.14519
0.825416
0.986972
0.957754
1.07164
0.958988
1.08615
1.07893
1.03002
0.903678
0.850445
0.991431
1.10177
0.935502
1.01704
1.00346
1.09206
1.25075
1.09062
0.794797
0.968065
0.947673
1.02302
0.819262
1.01089
1.06376
0.812966
0.910063
1.2701
0.822614
1.11657
1.17162
0.960123
1.08467
1.0321
1.06979
0.911156
1.03674
1.05231
1.07265
1.05714
1.03027
1.08314
1.02587
1.10139
1.00059
1.0283
1.14852
1.11657
1.09434
0.908451
0.94082
1.02248
0.915305
0.82392
1.08763
1.19378
1.01364
0.9735
1.05414
0.883264
1.01665
1.08355
1.00211
1.17498
1.09664
0.960086
1.02004
1.16108
0.88446
0.849255
1.00984
0.914191
1.05292
1.05124
1.16654
1.16411
1.05821
0.986396
0.980509
1.08491
1.07851
0.821179
0.773425
0.881382
0.973845
0.878123
1.07098
0.977201
1.03012
1.05218
1.20052
0.961897
1.00514
0.920519
0.817004
0.868805
1.04885
1.02384
1.10062
1.12137
1.21467
0.94783
0.926577
0.908003
1.26364
1.07459
0.8701
1.03092
0.838945
1.1077
1.01958
1.05725
0.951814
1.077
1.06066
0.966451
1.02415
0.830425
1.0109
1.15231
0.923098
0.979319
1.0429
0.885712
0.990542
1.12148
0.99127
1.06124
1.01616
1.0431
1.14946
1.00512
0.938309
1.04385
1.02841
1.11617
1.03141
1.16877
0.921046
0.92467
0.914743
1.04391
0.988434
0.958237
1.26099
1.00907
1.02572
0.867957
0.825832
0.90893
1.21045
1.1095
1.17187
1.05172
1.03708
0.925514
0.970568
0.848427
0.913771
1.09168
0.85058
1.02693
1.05389
0.989179
1.02164
0.969222
0.958485
0.922656
0.958985
1.00024
0.974348
1.07237
1.06055
0.967159
1.31788
1.11933
1.021
1.05053
0.867935
1.06343
0.952664
1.00992
0.884572
0.875151
1.0987
0.828687
1.06559
1.27669
1.24252
1.0771
0.885036
0.943893
1.05275
1.05449
1.13434
0.911985
1.02918
1.15479
1.0398
0.963762
1.09337
0.923558
1.05389
0.878023
1.06195
0.972075
0.996867
1.09595
0.982009
0.987381
0.992958
0.875028
1.14743
1.02752
1.0938
1.15633
1.1281
1.17389
0.869612
1.04249
0.827711
1.06781
1.00869
1.12718
1.09469
0.926986
1.08564
1.00619
1.01268
1.02678
0.92214
1.09433
0.900779
1.09183
1.13121
0.94435
0.973897
0.901696
1.01067
1.01384
1.15754
0.999567
0.83603
0.952232
0.971414
1.12264
1.08199
0.9675
0.924696
0.931189
0.896479
0.961137
1.0944
0.881355
0.960317
0.964168
0.923645
0.996965
0.973871
0.964201
0.992629
1.03948
0.987267
1.10308
0.8868
0.999234
0.980213
0.97748
0.884005
1.01473
0.919585
1.01374
0.97693
1.11132
0.852359
1.07197
1.00271
0.885936
1.00739
0.839961
0.919777
0.878434
1.12867
1.04358
1.04057
0.941905
0.896872
1.01873
1.09002
0.976382
1.14853
0.946415
1.14529
1.04264
1.00537
1.0569
1.01205
0.994709
1.0921
0.827171
1.09991
1.04939
1.089
1.12142
0.81363
0.969101
1.1922
0.947973
0.899137
0.955676
1.02061
0.995378
0.921151
1.00912
1.01482
1.00289
1.06807
0.827797
0.916788
0.970805
0.975533
0.88511
1.04342
1.0766
1.10443
0.990968
1.08171
1.20357
1.02396
1.1249
1.01103
1.04829
1.18934
1.16632
1.00168
1.04004
0.837309
1.0207
0.904365
1.03739
0.814013
0.848474
0.962336
0.998284
1.08248
1.13582
1.07902
1.06292
0.954673
1.03862
1.09329
0.982698
0.89328
1.07016
0.85821
1.00342
0.999453
0.928054
0.916335
1.10054
0.880907
0.922361
0.866735
1.02548
1.08486
0.945322
1.06708
1.02594
1.07216
0.877689
0.813518
0.991111
0.882654
1.09929
1.23934
1.02782
1.01165
1.05811
0.963952
0.948967
1.11692
0.94298
1.04244
1.12516
0.831318
0.951071
0.999228
0.952154
1.13037
1.06991
0.944437
0.95132
1.07142
1.14643
1.05632
0.944038
1.04421
1.07732
1.09922
0.964473
1.08645
1.01853
1.09031
0.981787
0.972025
0.915267
1.00641
1.12489
1.1767
0.951272
1.26317
1.00457
1.07165
0.922159
0.928326
0.983616
0.950077
0.949746
1.01457
1.16924
1.03521
0.959807
0.961651
1.03924
1.21221
0.905693
0.802058
0.898286
0.901617
1.05437
0.988751
0.965825
0.9316
1.24314
0.951189
0.979647
1.08168
1.05136
0.904167
0.824384
0.939667
0.966473
0.855632
0.982541
1.11538
1.04035
1.12377
0.984795
0.958431
1.04639
1.05995
1.15341
1.12266
0.982779
0.827232
0.979194
0.949941
0.982647
0.856659
1.00361
0.987078
1.02819
1.14547
1.10478
0.916953
1.02289
1.03487
1.07311
1.14233
0.942782
0.84353
0.917928
0.921184
1.03559
1.12852
1.05136
0.848849
0.962289
0.962046
0.921822
1.07278
1.09227
0.907363
1.33659
0.932444
0.817801
0.888016
1.08473
0.91844
1.06362
1.10493
1.07665
0.912303
1.10835
1.08521
1.00877
0.953941
0.84796
1.01902
0.95513
1.00752
0.793973
0.987532
1.21931
1.01744
0.882343
1.06819
1.09253
0.975528
0.84205
1.06324
0.900805
1.12673
0.891641
1.10896
1.0192
1.03947
0.945564
0.995163
0.99116
1.01536
1.13415
1.04726
0.959944
0.882292
1.06757
1.03489
1.11346
0.908879
0.879257
0.874812
0.972085
1.01209
0.964123
0.808597
1.17784
1.07009
1.22811
1.18885
1.10725
0.963566
1.07657
0.902516
1.2285
0.867503
1.0515
1.17236
0.852829
0.976849
0.986413
0.788181
0.888695
1.16126
1.15021
0.93935
1.021
0.90229
0.980555
0.913425
0.943007
0.943251
1.13471
0.970332
0.955133
1.14514
0.958954
1.15728
1.02977
0.980007
1.03784
0.939809
0.983213
0.876853
0.889348
1.01347
1.0452
1.12201
0.946386
0.874498
0.97894
1.07941
0.920995
1.0473
1.11625
0.933248
1.01586
0.960315
1.03811
0.961702
0.926975
1.15791
1.12993
1.03729
0.97332
1.16429
0.899749
0.919998
1.09848
0.934566
0.936321
1.04272
0.945313
1.12957
1.04815
1.00669
0.955913
0.836894
1.04538
0.955358
1.24712
1.0237
1.23855
1.05122
1.07143
0.902178
0.884846
0.943694
1.14308
1.2824
0.999961
1.24339
1.03852
0.989027
0.892699
1.04397
0.915338
1.10279
1.09234
1.02592
0.951233
0.8989
0.879864
1.10594
0.98794
0.974549
1.10044
1.137
1.04231
0.95428
1.09597
1.1382
1.03042
0.893159
0.965156
1.03739
1.04641
1.10671
1.03897
1.16962
1.04594
0.945275
0.856795
0.916169
1.06299
1.07323
0.916619
0.809928
0.898114
0.91637
1.01341
1.08553
1.03622
0.926176
0.973662
0.890227
0.951899
1.0135
1.08244
0.978669
0.963498
0.858528
1.02851
0.926746
1.13572
1.07701
1.05423
1.0094
0.870864
1.05712
0.904763
1.10976
1.03195
0.860635
0.985362
0.931782
0.959427
1.1989
0.897637
1.09111
1.05853
0.941166
1.10572
1.07148
0.933052
1.27607
0.915802
1.03799
0.887812
1.01366
1.08637
1.06216
0.96152
1.12918
0.958554
0.875121
1.08743
1.00064
0.985221
0.909031
0.916911
1.04869
1.02408
1.03171
0.944236
1.02078
0.974818
0.831025
1.01941
1.01022
0.861197
0.89638
0.93713
1.11452
0.861361
0.999234
0.889242
0.83115
0.79177
1.01621
0.804073
0.888768
1.15996
1.1342
1.0231
1.09424
0.90486
1.05549
1.07448
0.949104
1.13652
1.13722
0.989729
1.10893
0.999976
0.977178
0.860971
0.957121
1.09355
0.920002
0.996335
1.04134
0.988393
0.759238
1.01849
0.826534
0.986003
0.907224
0.819314
0.933869
0.991346
0.908577
1.10239
0.822999
0.97881
1.25541
1.10209
0.994638
1.02739
0.954423
1.03763
1.26199
0.938075
1.07456
1.23915
1.33929
1.17724
1.09693
1.11131
0.914226
0.903732
1.06315
1.03766
1.15425
0.962284
0.821054
0.949379
1.08486
0.863374
1.06031
1.01617
1.07871
1.08791
1.05385
0.798672
1.05034
1.06861
0.882034
1.08326
0.97044
0.975563
0.966885
0.941237
1.04038
0.933441
0.975186
0.919053
1.07786
1.09492
0.736323
0.954825
1.00158
1.13088
0.844498
0.859661
0.838265
0.971958
0.893701
0.795248
1.02623
0.969916
0.943995
1.06428
0.915992
0.901691
0.939029
0.992791
0.955758
1.11447
1.11385
0.876106
0.887912
1.18198
1.06911
0.886287
1.07499
0.784734
1.23297
1.07454
1.03602
0.894979
1.02358
0.915242
0.855425
0.899366
0.935591
1.10118
0.990254
0.997492
1.13904
1.05861
0.866918
0.971533
0.95891
0.951112
0.985337
1.01984
1.10493
0.905203
1.09341
0.990104
1.008
0.882461
1.12825
0.859383
0.88717
1.06073
0.92306
0.999424
1.06416
0.886898
1.1614
1.04609
1.25506
1.07998
1.01053
1.12099
1.09089
0.926994
0.92909
1.0959
1.13655
1.01654
0.955196
0.990695
1.10003
1.03522
0.872479
0.928855
1.13682
0.929833
0.911031
1.02771
0.966155
1.10825
1.08463
0.977512
0.801851
0.83374
1.03783
0.981404
0.995976
1.0489
1.03625
1.04446
0.774798
0.937526
1.08597
0.945716
1.08424
0.859434
0.973168
1.12989
0.939153
1.13879
1.02253
0.817019
1.06337
1.0554
1.0761
1.1058
0.999233
0.853149
0.900894
1.05804
0.991273
0.970842
1.00131
0.826106
0.963282
1.01471
1.10687
1.03168
1.0266
0.879059
0.900361
1.17098
1.17385
0.931089
1.13969
0.717797
1.11166
0.853009
0.919159
0.9987
0.903796
1.12263
1.07477
0.952177
0.87991
0.938914
1.21628
1.02193
0.860828
0.927243
0.88215
1.03521
0.87709
1.02036
1.08729
0.889808
0.893775
0.850607
0.91438
0.939513
1.00746
1.08374
1.01517
1.04703
0.996649
1.0276
1.12449
1.04021
1.00631
1.07959
1.09894
0.993506
1.06683
1.08425
0.950439
1.09647
1.02759
1.01721
0.784186
1.03232
1.07102
0.941705
0.924681
0.900393
1.09172
0.872565
1.06087
1.03282
0.925722
1.00446
0.99956
1.02463
0.873384
0.90286
1.10449
1.0431
0.993354
0.938847
0.87302
0.885973
0.956734
0.891549
0.992687
1.07736
1.07633
0.991108
1.05871
1.13905
1.0423
0.931719
0.931174
1.02923
1.11777
1.00234
1.00188
1.0282
0.998592
0.963034
0.905407
0.879863
0.974141
0.990172
1.00101
1.04023
1.03685
0.88215
1.04824
1.09233
1.09764
1.06949
1.1693
1.04812
1.06367
0.983776
0.938363
0.941139
1.14045
1.07142
0.926004
0.8436
1.01268
0.990189
0.873033
0.877792
1.06561
1.05241
1.06378
1.09455
1.02395
0.99809
1.02237
1.06308
0.941147
1.00223
0.970311
0.903762
1.05784
1.0074
0.96037
1.20892
1.0331
1.05732
0.940025
0.915402
0.96706
0.987671
1.03272
0.905246
0.944384
0.954212
1.01262
0.990772
0.972174
0.889714
0.98378
1.02273
1.05229
0.94678
0.961913
1.04284
0.932777
1.06983
1.02902
0.890088
1.21954
0.924435
1.00457
1.1661
1.28804
0.87529
0.989444
1.0129
0.927245
1.01267
0.967727
0.866597
1.00163
0.947318
1.02179
1.01562
0.891977
1.02273
1.04724
1.03353
0.951007
0.965626
1.3044
1.00471
0.87528
1.09614
1.038
1.24774
1.09449
0.974897
0.920686
0.887349
0.946406
0.88209
0.961607
1.05796
1.1988
0.897783
1.14692
1.07185
0.832404
1.00377
0.962947
1.00958
1.23055
0.873414
1.0548
0.950411
0.970216
1.06862
1.11914
1.09766
1.23929
0.951061
0.96233
1.00426
0.847713
0.945214
1.23368
1.07746
1.10655
1.04269
0.858729
1.07109
0.799565
0.985412
1.11882
0.95951
1.08198
0.899237
1.04757
0.982102
0.897827
0.954376
0.925709
0.916264
1.017
1.21472
1.12386
1.06002
0.957986
1.04542
0.97514
1.13028
0.87252
1.1114
0.970316
0.933394
1.14156
0.913913
1.1164
1.06873
0.949756
1.20541
1.00661
1.01355
1.0148
0.942822
0.97265
1.10556
0.947195
0.965919
1.08106
0.905866
0.981784
1.02073
1.00011
0.953852
0.93941
0.989728
0.916027
1.0355
0.948201
1.05214
0.835107
0.842099
1.06718
0.98912
1.0138
1.06318
1.0097
1.03352
1.12879
1.05387
0.874994
1.04007
0.990068
0.875718
1.03814
0.958035
1.17717
0.902721
0.992326
1.0798
0.942059
0.935514
0.970468
0.90034
0.932403
0.910241
0.99895
1.23111
0.964476
0.98818
1.1144
1.06963
0.9755
0.972992
0.907218
1.03612
1.03582
0.975607
0.935745
1.00709
1.0413
0.93751
0.942531
1.00787
0.897308
1.15322
1.0184
0.976524
0.976546
1.0694
0.831536
0.914044
0.974454
0.978668
1.02411
1.06742
0.953614
1.07464
0.803546
1.07876
1.14887
0.873768
1.01871
1.04235
0.937977
1.16745
0.817487
0.896433
0.982005
0.961467
0.895746
1.08811
0.816718
0.912265
0.868555
0.957795
0.982484
1.07068
1.08034
0.858256
1.15043
0.940522
0.996517
1.13365
0.94717
0.914673
1.05318
1.03753
1.10695
1.05837
1.08964
1.06383
0.909143
0.859602
0.867999
1.1272
1.01771
1.07179
0.734617
0.999727
0.947092
0.91984
0.977442
1.32761
1.06273
0.948021
1.03177
1.13194
0.854731
1.33887
1.13488
1.00703
0.903082
1.0809
0.963437
0.962025
0.912774
1.14571
1.16507
0.876904
0.917582
1.01398
0.945561
0.982493
1.05808
1.03198
1.07993
0.930527
0.794133
1.13824
0.949677
1.01777
0.995361
0.935324
0.917087
0.975469
1.10209
0.916967
0.959442
1.08606
1.02386
1.02707
1.01359
0.836052
0.910709
0.940547
0.794316
1.05673
0.91491
0.924166
0.80836
1.03037
1.01705
0.972146
1.0089
1.22033
1.07989
0.944015
1.0058
1.07613
0.841877
1.13954
1.13838
1.00246
1.03771
0.880375
1.06107
0.951692
0.902998
0.922733
0.942531
0.997856
0.979728
1.07272
1.05403
0.875356
1.21059
0.983792
1.34564
1.0252
0.940045
0.901159
0.960602
0.984654
1.03846
1.1224
0.77959
0.918028
0.876933
0.853587
0.98042
0.984136
1.04984
1.0207
0.928268
1.01622
1.07875
1.02179
1.08863
1.05172
0.857326
0.971647
1.07794
0.904889
0.916991
0.90254
0.978152
0.823114
1.1249
1.0205
1.00225
1.00651
0.981189
1.02439
1.03026
0.973051
0.888629
0.919605
1.00895
0.784155
0.969848
0.927288
0.931703
0.990659
0.961522
1.01757
1.006
0.871101
0.98968
1.02712
1.09403
1.04302
0.950115
1.00287
0.899936
0.939014
1.07973
0.910804
0.975682
1.16635
1.13397
1.02428
1.06937
0.998791
0.879342
0.912915
0.872869
1.02574
1.11637
0.99591
1.00185
0.967183
1.01573
0.933218
0.966693
0.87951
1.0564
0.946831
0.912073
0.890903
0.86109
1.06892
1.03448
1.02682
0.871319
1.02735
0.898873
0.85938
0.96165
0.984438
0.881442
0.997698
0.986616
0.794034
1.05433
0.80946
1.04395
1.02112
1.08495
1.03234
0.937377
0.975706
1.01727
1.01937
0.858133
0.961438
0.981228
1.0776
0.950059
0.928794
1.12733
1.01945
1.0033
0.915613
0.967232
0.880144
0.993855
1.03693
0.997096
0.98417
0.999492
1.12701
0.978071
0.888175
0.909087
1.02899
1.02838
0.948081
0.728091
1.07469
1.0876
0.929543
0.881232
0.962866
0.995188
1.05013
1.08749
1.09007
0.960025
1.11002
0.89395
0.907992
1.15702
0.989598
0.866887
1.02986
0.832195
1.03956
1.05976
1.01772
1.04506
1.00288
0.897602
0.952467
0.948302
1.03322
0.916538
0.909385
0.843475
1.07913
0.934236
1.19436
1.07795
0.82411
0.996301
1.09089
0.941196
1.1329
1.01931
1.13925
0.983252
1.06271
0.794897
0.942318
0.912278
1.21108
1.00613
0.973241
0.884183
0.94279
1.00361
1.01315
0.944349
0.789992
1.10523
0.956431
1.13152
1.07729
1.13012
0.980948
1.08017
1.06144
0.900868
1.01243
0.981456
1.17162
1.10839
0.864156
1.09302
0.997622
1.12956
0.881508
0.960585
1.02675
0.921965
0.886975
1.01206
0.960742
1.06055
0.971385
0.943798
0.974147
1.10369
1.13235
0.982278
0.989362
0.920483
1.18111
1.10578
1.13627
1.08502
1.02986
0.923926
1.03449
1.00511
0.904979
1.13991
1.19647
1.14447
1.007
1.01405
0.940665
0.926394
0.990501
1.00162
0.991334
0.956693
1.14313
1.00045
1.19077
1.1568
0.951762
1.02399
1.02737
1.11907
1.11415
0.981372
0.983769
0.855679
0.861471
0.905025
0.866865
1.00526
0.961332
0.962
1.17374
1.09411
0.946197
0.86806
0.820598
1.07969
1.04226
1.21712
1.01289
1.0946
1.0297
1.2381
1.02129
0.946065
1.01972
1.05402
1.03993
1.05885
0.93815
1.07853
1.13509
1.09288
1.17932
0.915208
1.05542
1.10905
0.89746
1.07227
0.881762
1.23544
1.07659
1.15513
1.14638
0.972368
0.975185
1.02129
0.903489
0.922273
1.08473
1.02071
0.943088
0.884078
1.11462
1.06731
0.880666
0.916835
0.995436
1.08072
0.965612
1.21406
0.978815
1.04746
0.940071
1.06871
1.1769
1.05647
0.980539
1.03288
0.999688
1.01214
0.886332
1.03861
0.985052
0.846123
0.999785
0.955858
0.850896
0.886147
1.00508
1.00348
0.971729
0.746332
0.986794
0.975882
1.03764
1.16894
1.29017
0.991993
0.966147
0.951199
1.02203
1.07555
0.973377
0.911408
0.911457
0.882274
0.908306
1.17887
1.0372
1.06386
1.10148
1.10698
0.926348
1.00063
0.928693
1.06971
1.03201
1.02047
0.946299
0.965325
0.838241
1.13206
0.976441
1.05268
1.10712
1.00659
1.15462
1.00512
1.15903
0.981852
0.962874
1.12194
0.816392
0.996818
1.05653
1.09835
0.957237
0.900993
0.857475
1.02988
0.977407
0.962828
1.11828
0.9598
0.888292
0.930163
1.014
1.09989
1.07631
0.839022
1.11273
1.07321
1.096
0.999033
1.1004
1.04964
1.08294
1.01565
1.09527
0.80518
0.851553
0.996252
0.984685
1.03672
1.02244
1.05415
0.944355
0.989072
0.895052
1.09369
0.922411
1.07261
1.0845
1.0139
1.21052
0.994195
1.0439
1.03656
1.07159
1.11177
0.942494
1.08878
0.996951
1.18984
0.984492
0.99674
1.30561
1.0403
1.16357
1.1337
0.902215
0.961216
0.963391
0.741555
1.0856
0.874504
0.987582
0.961506
0.960532
0.89954
0.848655
0.992878
1.12381
0.910314
1.1182
1.03176
0.723924
0.881586
1.04656
1.10309
0.996776
0.785462
1.09579
0.909398
0.894343
1.06062
1.05107
1.08311
0.932013
0.897633
0.938396
1.03
1.09936
0.932715
1.13908
1.06729
1.10941
1.04584
1.06357
0.852399
1.06696
0.985044
0.888568
0.956161
1.14447
0.942414
0.983589
1.05231
1.01354
0.900497
1.11993
1.0211
1.04592
0.83845
1.07847
0.755855
0.835024
1.05243
1.02233
1.02539
0.866808
1.09643
1.06875
0.979541
1.05283
1.16881
0.962468
0.897328
0.999469
0.954351
1.20081
1.12983
1.1025
0.959482
1.2064
0.864407
0.722455
0.834804
0.890391
0.976568
0.955552
0.97597
1.09644
0.865101
1.02363
1.05871
0.986288
1.0225
0.835502
1.07674
1.10618
1.1607
1.04771
1.20171
1.10409
1.05774
0.781063
1.01706
0.896112
0.976417
1.0069
1.21362
0.990303
0.878754
0.971215
0.939722
1.10828
0.918161
1.03216
1.05401
1.16991
0.950211
0.901124
1.00256
0.934654
0.820586
0.97746
0.97976
0.934262
1.11257
0.899235
0.951211
0.895903
1.16683
1.02725
1.02753
0.996279
1.19571
0.875881
0.946068
1.09566
0.918901
1.01712
0.93601
1.04377
1.0142
1.15206
0.919234
1.10376
1.03098
0.954518
1.00927
0.864077
1.05244
1.04489
1.0983
1.01954
0.991195
1.04059
1.21901
1.17009
1.17539
1.03516
0.906194
0.999932
0.846357
1.02167
1.00384
1.10405
1.14312
0.94642
0.886006
0.883963
0.971972
1.136
1.02922
1.0311
1.04394
0.74641
1.05871
0.959465
1.22823
0.885928
1.00209
0.961808
0.893101
0.916071
0.946936
1.25911
0.993614
1.10002
0.937676
1.00919
1.09958
0.977667
1.02783
1.03882
1.09364
1.11061
1.02448
0.916544
1.16021
1.05373
1.06465
0.938591
0.927554
0.857406
1.09588
0.870746
0.82954
1.02982
1.10064
1.00759
1.02667
1.03485
1.01529
0.994546
0.985072
0.794743
0.833914
0.964246
0.894386
0.776016
0.985595
0.903277
1.15816
0.990162
0.870215
1.0679
0.965487
1.02063
0.908881
1.15738
0.908783
0.850898
1.09243
0.940167
0.852982
0.981376
0.985262
1.02889
1.04687
1.0358
0.925734
0.927161
0.971867
0.917295
1.01986
1.03814
0.956247
0.963797
1.33976
1.1356
0.903689
1.0846
0.952973
0.901791
0.948488
0.881376
1.02485
0.901617
0.905329
0.922141
0.829486
1.31433
1.1595
0.935446
0.976075
0.986186
1.01844
0.911608
0.931297
1.15336
0.949918
0.899399
1.02437
0.972002
1.0558
0.935258
0.901676
0.930269
1.01095
0.969884
1.03476
0.886098
1.07326
0.948896
1.02768
1.06984
0.995584
0.870635
0.983745
0.937451
1.03881
0.891722
0.946921
0.930795
1.07285
1.15697
0.915709
1.01552
0.943317
1.18
1.15023
0.932865
0.938912
1.19606
0.910299
0.989591
1.05241
1.18558
1.2382
1.03995
1.01595
0.937336
1.14326
1.19328
1.09362
1.0309
0.842353
0.916791
0.871004
1.13264
1.01144
1.09397
0.856036
1.08271
0.89496
1.05424
1.0188
1.05226
1.06875
0.918322
0.879208
1.05716
1.03331
1.01533
1.21271
1.02302
1.09172
1.01157
0.819955
1.06543
1.08247
1.08931
0.967046
0.948728
0.951573
0.857608
1.18817
0.896327
1.02608
1.0515
1.02447
0.916503
1.00808
1.13251
1.07414
0.96019
0.915738
0.930598
0.919212
0.997384
1.10888
0.989752
0.85657
1.05859
0.923142
1.02069
0.964924
0.91289
1.06752
1.03049
1.02933
0.91566
1.11101
1.12028
1.12782
0.943604
1.12718
0.990076
0.854576
1.02199
0.912718
1.0273
1.10823
1.15736
1.11228
1.09319
1.01315
0.868464
1.21771
0.958378
0.997276
0.976753
1.01526
1.00526
0.944926
0.981871
0.79871
1.00273
0.966198
0.878627
1.01168
1.11546
0.951713
1.05136
1.01671
1.12939
1.06733
1.07964
1.0055
1.05792
0.969256
0.898156
1.04464
0.956029
0.904231
1.05004
1.0704
0.946157
1.02615
0.950691
1.16607
1.10486
0.98005
1.00367
0.912104
0.997885
0.79184
1.03638
1.12197
1.05972
0.831334
0.903983
1.02159
0.88947
0.983487
1.01982
1.0265
1.06828
1.1166
1.00059
0.901369
0.964002
0.960325
1.02542
0.979878
0.935093
1.03589
0.899032
0.962025
1.08039
0.840084
0.889507
0.908265
0.919908
1.16989
0.868439
1.01082
0.999111
1.14525
0.990545
0.975956
0.925548
0.958419
0.979002
1.0279
0.911235
1.02935
1.1047
0.84304
0.971965
0.949449
1.14159
1.11851
1.07068
1.09409
1.00202
0.995398
0.944255
1.03249
0.918056
1.04477
0.935781
0.959562
0.977945
0.912855
1.04586
0.991124
1.02983
1.04743
0.914831
0.936099
0.921268
0.96489
0.926584
1.00327
1.08501
0.899606
1.12368
1.01428
1.11718
0.94463
0.869319
0.85442
1.14033
0.883638
0.85735
1.14772
0.963916
1.05333
1.13593
0.84263
1.06794
1.11035
1.12541
1.1522
0.956192
0.802425
1.1404
0.825301
1.0706
1.22498
0.970807
1.01516
0.966164
0.92096
1.06654
0.971556
0.963702
0.941586
0.924218
1.02881
1.29566
0.970304
1.01232
0.97861
1.24165
0.988847
0.974712
1.07241
1.03711
1.03507
1.01078
1.03888
1.02598
0.999432
1.19095
0.865355
0.979092
0.874051
1.02591
0.928337
1.08243
0.962166
1.04088
0.882632
1.06308
1.18985
0.97213
0.98614
0.928995
0.746125
1.02477
0.927758
0.960569
1.056
1.04319
1.00518
0.986321
1.03876
1.09834
1.00587
1.23161
0.833046
1.03373
0.964267
0.948023
1.0155
1.07056
0.922723
1.0217
1.00611
0.89657
1.01038
1.0621
1.00933
1.04001
0.969187
1.11905
1.1839
0.920138
0.890218
1.18803
0.92864
0.869873
1.02941
0.94071
0.966207
0.899441
0.970895
0.883953
1.09604
1.08027
1.06577
1.10246
1.00933
1.31293
1.17516
0.97101
0.820668
1.04912
0.97524
0.835949
1.16755
0.821054
1.03507
1.07057
1.11625
0.954711
0.954087
0.754115
1.00524
0.985008
1.1397
1.13642
0.889172
0.915971
0.844383
0.811567
1.05072
0.967845
1.0197
1.08479
1.09702
0.988482
1.02854
0.908567
1.02555
1.10231
1.0271
0.83841
1.0674
1.04241
0.908201
0.963024
1.18977
1.00597
1.22125
0.943905
1.07923
1.04532
1.05618
0.871418
0.982265
0.961704
0.999223
1.04897
1.0937
1.08873
0.889574
1.24435
1.11196
0.951652
0.909543
1.01333
1.08267
1.05908
1.19569
0.894311
0.979244
1.02063
1.14045
1.08886
1.06926
0.985266
1.01802
1.08701
1.14668
0.818283
0.986543
1.0886
1.02105
1.00504
0.968335
1.04279
1.06627
1.0071
0.908265
0.865795
0.985449
0.945288
1.09052
0.833541
0.949409
0.95401
0.879895
0.892193
1.14561
0.885051
1.23203
1.30991
1.07726
0.907456
1.05481
0.762902
0.875771
1.04848
1.12468
1.00309
1.08093
0.955917
1.14725
1.03339
0.978171
0.850064
0.899589
1.03918
0.962648
1.06284
1.0797
0.934231
1.03656
1.0667
0.983978
1.03104
0.916871
1.00491
1.01267
0.923875
1.06116
0.954879
1.20319
0.93391
1.03343
0.896763
1.06578
0.805701
1.1032
1.03086
1.07342
1.13813
0.964325
0.970255
0.930641
1.08925
0.928827
0.883444
0.940882
0.905238
0.88973
1.09619
1.01239
1.00954
0.695395
1.07079
1.04179
0.968366
1.05577
0.880508
0.854596
0.97906
0.909703
0.900949
0.96087
1.02429
0.970151
0.872204
1.03946
1.18566
0.980368
1.13717
0.997377
1.031
0.913289
0.848958
1.11392
1.06383
1.04827
0.956801
1.28635
0.978336
0.879957
0.918763
0.831888
0.891897
0.935865
1.02157
1.08726
0.90582
1.03069
1.04408
0.946779
0.98228
1.08047
1.02703
1.07059
1.01305
0.925389
1.00495
1.03564
0.894227
0.944815
0.874556
0.925832
1.02326
0.953157
0.778694
1.07087
1.12679
0.956741
0.885725
1.00529
1.07976
0.914851
1.00844
0.795717
0.947688
1.07439
1.04849
1.13626
1.01905
0.919851
0.802743
1.03872
1.09772
0.990079
1.08968
0.987167
0.999649
0.941065
0.876335
1.05947
0.993371
1.15163
1.00862
0.943478
0.806025
0.838551
0.763343
0.831351
0.889687
0.922213
1.12284
1.0259
1.038
0.861888
0.996662
1.00984
1.02038
1.08784
0.963504
0.954712
0.844393
1.12998
0.84372
0.964562
0.932543
0.963387
0.995825
1.12689
1.07089
0.987098
1.0169
1.02546
0.980456
1.00175
0.988242
1.02977
1.09829
0.872291
0.97213
1.10715
0.885053
1.03706
1.02703
0.894979
0.876684
1.07868
1.0657
0.963725
0.866911
1.02947
0.919523
0.855568
0.880697
1.0066
0.888876
0.863152
1.18097
0.832896
0.994392
0.967116
1.02446
0.955633
0.946317
0.886843
1.03938
0.934101
0.944152
1.09727
1.06528
1.08518
1.14634
1.12622
0.921402
0.890629
0.889133
0.848055
0.990477
0.909096
1.18692
1.0024
1.12597
1.05559
1.06274
0.994178
0.754692
1.02319
1.13534
0.7515
0.843143
1.07587
0.795272
1.00131
1.08205
0.871866
0.857268
1.22357
1.01198
1.00888
0.795718
1.0809
0.951398
1.17966
1.06497
1.11725
0.947851
0.97303
1.08883
0.895786
0.838676
0.797107
1.05277
0.997313
1.0457
1.01167
0.84495
0.883227
0.908178
0.911944
1.02938
0.976212
0.933751
1.06376
0.97177
0.998386
0.93098
1.03159
0.908179
0.769643
0.910053
0.961581
0.933513
1.05683
0.867647
0.866546
1.10464
1.11794
1.08168
1.08928
1.0139
1.20074
0.933802
1.03
0.968149
0.88527
1.13641
0.991089
1.0108
1.12564
0.962874
0.873179
0.956857
1.04704
0.980801
0.872196
1.00329
0.998823
1.01645
0.894792
0.857401
0.818173
0.956621
1.0708
0.86303
0.936405
0.989217
1.02452
1.06764
0.935992
0.935814
0.845352
1.19267
1.14013
1.02777
0.916439
1.00637
1.09292
0.967326
1.04502
1.05521
1.0313
0.865921
1.08978
0.941957
1.02188
0.931728
0.939998
0.981962
1.21427
0.953419
0.891862
0.816588
1.00603
1.11399
0.942307
1.03578
1.0203
0.858124
1.06087
1.06521
0.91842
1.04243
0.927269
1.01852
1.08838
1.09548
1.11462
1.01481
0.950233
0.876877
0.970339
0.788672
0.99768
0.965304
0.966275
1.07488
1.05827
1.01901
1.06444
0.9706
1.00067
0.981433
1.18329
1.01517
1.02022
0.973592
1.09685
0.899253
1.07445
1.01921
0.980442
1.06855
1.03102
0.999658
0.911401
1.04289
1.01635
0.995129
1.32043
1.06323
0.903694
0.997629
1.11069
1.0101
1.01643
1.03772
0.844312
0.926457
1.11942
1.02584
1.24805
1.10605
1.02504
1.10762
0.995568
1.00183
1.00829
0.861747
0.895913
0.891785
1.04152
1.1085
1.06393
0.985805
1.21197
0.84359
0.861667
0.959618
1.09331
0.853879
0.915004
1.07573
1.04914
1.00531
1.07372
0.945849
0.96885
0.966427
1.07947
1.21568
0.986453
1.28008
1.08861
0.917129
1.06366
0.977538
1.15633
1.0472
1.09415
0.9225
0.868308
1.11628
0.866775
0.910213
0.929831
1.1867
1.07723
0.911148
0.952033
1.04756
1.1601
1.08272
1.07788
0.936847
0.900482
0.990267
0.964167
1.02749
1.0169
0.930464
0.942413
1.05219
0.970634
1.01746
1.04648
1.12071
0.956421
0.893364
0.975176
1.05926
0.947856
1.07881
1.05456
0.961917
1.2332
0.991667
0.87038
1.09019
1.09872
1.18111
1.01736
0.846105
1.04231
0.986024
1.01388
1.14252
0.848782
1.08693
0.842931
0.87953
0.876099
0.961242
0.991503
0.996007
0.844449
0.940597
0.913954
0.953706
1.0288
0.802213
1.12583
0.916797
0.821802
1.13197
0.860496
1.08054
1.03765
0.944416
0.919186
0.907919
0.993138
1.03508
1.19409
0.867023
0.925716
0.922774
1.01518
0.923773
0.826442
0.909223
1.22038
0.950371
1.14772
1.00179
0.792343
0.866293
1.01052
1.07325
1.05811
1.13697
0.865162
1.06164
0.881316
0.916304
1.01695
1.05407
0.972326
0.959473
0.910957
0.909471
0.910378
1.00298
1.26312
0.980446
0.907066
1.04279
1.02373
1.08044
0.910273
1.03744
0.855921
1.19213
0.880891
1.15832
0.866469
0.939113
1.14663
0.889254
1.10882
0.823456
1.04107
1.0719
1.08919
1.1014
1.01617
0.918157
0.985703
0.889868
0.989939
1.1284
1.00529
1.07607
0.804001
0.992999
0.898532
0.8807
1.01221
0.994301
0.943627
0.838286
0.942529
0.997061
0.916547
1.20282
1.03112
0.996475
1.02708
0.941846
0.905483
1.04829
1.03765
1.07973
1.2276
0.96307
0.957937
0.920441
1.04348
0.888995
1.07498
1.07664
0.934714
0.992443
1.00601
0.985023
0.974562
0.960006
0.980598
1.08768
0.9668
1.01859
1.11097
0.970146
0.921909
0.990666
1.17881
1.17846
1.14781
0.884125
0.977356
1.28377
1.03194
1.02648
0.969549
1.11554
0.938373
1.03518
0.975955
0.920755
1.02967
1.04423
1.00371
0.97412
0.9842
0.837772
0.871772
1.05653
0.887027
0.907383
0.948735
0.980757
1.08244
0.916967
0.963088
0.996174
1.07877
1.12219
1.02951
1.11997
1.01484
1.03938
0.997623
1.12035
1.07318
0.893208
0.948957
1.00098
1.26648
1.18532
0.849827
0.923593
0.959741
1.01163
1.17238
1.03808
0.928809
1.24661
0.964833
1.10327
0.897498
0.925484
0.973588
1.03068
1.05201
1.01087
0.866476
0.92293
0.967197
0.986963
1.05521
1.23867
1.05691
0.982064
0.876717
1.00885
0.917886
1.11975
0.870352
1.0053
0.822919
0.943458
0.972922
1.09047
0.938822
1.06522
1.07317
1.16441
0.976036
0.968608
0.993348
0.872632
1.27887
0.985862
1.02213
1.21226
0.923111
0.91035
0.948344
0.998958
1.04439
1.08194
0.921517
0.909284
0.842309
0.973488
1.16288
0.932465
0.890477
0.879091
0.883733
0.97309
1.05349
0.998044
0.983345
0.932954
1.02046
0.898335
0.934646
1.05987
0.944106
0.996996
0.937692
0.726354
1.00692
0.94806
0.823604
1.02917
0.952977
1.08729
1.0281
0.914036
1.23214
0.9606
0.887179
0.99894
1.00189
1.15052
1.0319
1.05531
1.06834
0.980536
1.17749
0.815156
1.05406
1.13183
0.904199
1.10707
1.01256
0.945346
1.07236
0.926379
0.903828
0.886585
0.962245
0.966974
1.02211
1.01451
0.910569
0.933229
1.06522
1.14589
0.911297
1.06083
0.951301
0.915915
0.925288
1.21476
1.00762
1.10399
0.933287
1.00157
1.10797
1.05993
1.0817
0.984092
1.00097
1.05452
1.00044
0.895588
1.02526
1.1496
0.859759
0.992009
0.977232
1.20691
1.06493
1.13854
0.990634
0.945145
0.987254
1.0913
1.10708
1.13028
0.942965
0.910933
0.887776
0.894845
1.18527
1.10819
0.801253
1.23789
1.04872
0.986736
0.929022
1.00837
1.13329
1.02073
1.07682
1.18081
0.960658
0.945101
1.02569
1.02182
0.833938
1.20799
0.831436
1.03747
1.03329
0.873562
1.12606
0.85676
1.13681
0.916373
1.02898
1.08041
0.915528
1.00555
1.1879
0.962436
0.920513
1.06069
0.963109
0.888499
0.973635
1.21069
0.831307
1.06609
1.16358
0.934363
1.19473
0.918615
0.913712
1.01247
1.08551
0.842206
0.87092
1.03769
1.14879
1.1101
0.985201
1.03465
0.978098
1.13515
0.867525
1.20353
1.00812
0.985943
1.00467
1.1013
1.05687
0.886869
1.23232
1.06469
0.863121
0.953953
0.998957
1.13109
1.02162
0.957262
1.12681
0.892965
0.849272
0.923437
0.850775
0.912671
0.958797
1.14779
0.817196
0.977317
1.02808
0.958167
0.907554
1.08164
1.10719
1.19934
1.02452
0.764071
1.03049
0.952892
0.945734
0.868389
0.749191
0.994688
1.17951
1.09176
0.935381
1.08898
1.07122
0.968246
1.15633
0.91414
1.01181
1.01279
0.982188
1.13147
0.909546
0.916296
1.08562
0.832277
1.16465
0.787739
1.02019
0.863501
0.940165
1.04685
0.998198
1.0614
1.06593
1.03644
0.807537
1.0367
0.919564
1.10297
1.06028
1.0244
1.05719
1.02779
0.936929
1.10008
0.959832
0.956061
1.23794
1.21817
1.00033
0.91432
0.932664
1.09721
1.17535
0.968323
1.12595
1.01701
0.979184
0.987269
1.00232
1.13131
0.946818
1.10075
0.882973
0.724492
1.07686
1.11956
0.889485
0.954087
1.14359
1.02978
1.01341
0.852656
0.908191
1.07933
0.868205
1.01862
1.14838
1.09434
1.08555
0.960337
1.03491
1.08773
0.948798
1.09212
0.78799
1.0486
0.941932
1.0163
1.05522
1.132
0.884214
0.828508
0.842064
0.946449
1.03721
1.03908
1.03834
0.972973
0.919081
1.17411
0.971318
0.939545
0.843252
1.03954
0.860822
1.02954
1.01848
0.938315
0.897003
1.1351
0.983596
1.21185
0.943017
1.20134
0.953469
1.19615
1.00579
0.988095
0.975559
1.11248
0.911284
0.918972
1.05682
1.12595
1.02092
0.875872
0.960769
1.00314
1.04513
0.847486
1.12364
0.951459
1.09527
0.997507
1.07486
1.11408
1.00542
0.986319
1.01529
1.00025
1.19141
0.99452
0.873476
0.799055
0.969191
0.935887
1.03022
0.921594
0.996599
0.960121
0.920803
0.944317
0.953224
0.968483
1.17123
0.921012
0.901302
0.949109
0.855409
0.909839
1.13053
0.875263
0.857006
0.945441
1.1081
1.0457
0.856112
0.904532
0.936789
0.835887
0.993617
1.01669
0.915892
0.831289
1.00178
1.12736
1.09034
0.974775
0.891134
1.1991
1.01769
0.876528
0.945357
1.19466
0.951501
0.95307
0.888304
0.935047
0.926171
0.857771
1.04763
1.05606
1.12824
0.995363
1.06831
1.10087
0.982449
1.02474
0.996007
0.992154
0.861834
0.913418
1.07736
1.02575
0.985782
0.775524
0.965816
0.83228
0.847482
0.958461
0.916611
1.08008
0.93231
1.19785
0.91336
1.02024
0.971855
1.06241
1.08554
1.1035
0.983967
1.1162
0.921727
0.968294
0.949044
0.959541
0.929081
1.17348
1.11247
1.05389
1.04297
0.973691
1.0481
0.988362
0.917999
0.843506
0.985192
0.913313
0.90857
1.0413
0.806166
0.882177
1.03761
1.109
0.942499
0.864447
1.12419
0.969483
0.997302
0.953373
0.95151
1.14899
1.1813
0.935998
1.03903
1.17631
1.07199
0.836605
0.976724
1.07296
1.02736
0.890841
0.937928
0.905219
0.993726
0.798164
1.03138
1.07626
1.06513
0.975011
0.974751
0.91286
0.98123
0.919258
0.847489
1.11397
0.961199
1.0272
1.0144
0.988688
0.934834
0.867463
0.919467
0.944342
1.17416
1.14409
0.895159
0.743127
1.12656
0.946936
0.883869
0.931623
0.926141
0.953942
0.936275
0.94745
0.956561
1.04684
0.998824
0.997616
1.1435
1.08834
0.939807
1.00062
1.03031
0.830874
0.953088
0.939035
1.05174
1.19342
1.03455
0.987058
1.0696
1.06727
1.01821
0.940004
0.947811
1.02235
1.15722
0.964019
0.951171
0.862728
0.997976
0.949765
0.970026
0.902012
1.04522
1.12945
0.967536
0.968091
0.647749
0.963073
0.889705
1.00974
1.04257
0.958952
1.08464
0.948076
0.937139
0.926844
1.1125
0.949428
1.02886
0.921605
1.08658
0.985362
0.924876
0.953605
0.93952
0.909211
1.10197
0.973531
1.05116
0.9749
0.871109
1.00285
1.13684
1.0841
0.90548
0.942026
0.863473
0.867896
1.19701
1.02618
1.16445
1.10514
0.970269
0.951599
1.15086
0.894826
1.01236
0.820301
0.948718
0.928635
1.02285
1.02561
1.13453
1.08409
0.8645
1.00769
0.881603
1.0002
1.02987
1.02625
1.01914
0.959197
1.02943
1.03045
0.875222
1.00391
1.0782
1.00113
1.06658
0.976128
1.18988
1.01648
0.989766
0.983193
0.981985
1.0385
0.901945
1.20827
0.921894
0.831513
0.910638
1.17339
0.976454
1.0126
1.0764
0.953919
1.12527
1.01861
1.02783
1.04672
0.969266
0.977254
1.05203
1.0122
1.01206
0.950246
0.994146
1.00458
0.978339
0.805442
1.05901
0.921821
1.119
0.884283
1.049
1.07433
1.00569
0.979512
0.941374
0.916194
1.05361
1.06276
1.07589
1.09001
0.855588
1.05012
0.937039
0.940237
0.946734
0.993252
1.11069
1.06169
0.967612
0.904158
1.02249
1.05264
1.03641
0.982269
0.986561
0.823977
1.02804
0.857257
1.11441
1.04637
0.90728
1.16184
1.1169
0.876034
1.03741
0.85681
1.11306
1.14864
1.08708
0.953959
1.04683
1.04334
1.03738
0.94549
0.957007
0.904281
1.07977
1.01562
1.062
0.986551
1.03373
1.01898
1.04099
1.03761
1.19951
0.830733
1.07054
1.2002
1.05674
0.877667
0.921779
1.14918
0.939065
1.17175
0.894327
0.853448
1.02852
1.02698
1.05052
1.10138
0.990896
1.00985
1.10081
1.00419
0.854371
0.958603
0.869328
0.94448
0.984649
1.10533
1.05545
1.03155
1.12166
1.0121
0.98822
0.958262
0.887069
0.994025
1.12561
0.847132
1.04411
1.03726
1.21713
0.952814
0.997402
1.14612
1.00884
0.814335
1.01609
0.777516
0.917433
1.1285
1.01011
0.95792
0.925702
1.2642
1.0399
0.932921
0.874359
0.877054
1.21982
1.03826
0.917379
1.02604
0.880189
0.896383
1.14831
0.908783
0.891751
1.07074
0.807029
0.992669
1.04539
1.01432
1.01822
1.00006
1.0052
0.980081
0.953723
1.05832
1.06426
1.02969
0.839694
1.08325
1.04471
1.0241
1.00302
0.973256
0.932176
1.0017
0.890635
1.07163
1.05305
1.08174
0.938348
0.927578
1.21264
1.12428
1.02941
0.98416
0.849049
1.09434
1.13999
1.17734
0.820697
0.944633
1.03998
0.993279
0.85753
0.803054
1.12586
0.960877
0.946436
0.810752
1.09961
1.11156
1.08782
0.921685
0.900476
1.07902
0.946915
0.915719
1.01925
1.01458
1.01645
0.970358
1.06207
0.921372
1.1438
1.10635
0.895874
0.898279
0.957338
0.977937
1.04666
0.981594
1.14197
1.08924
1.13416
0.884609
1.1849
0.96836
0.929739
1.09191
0.877392
1.11561
0.922928
0.947664
0.934967
0.987111
1.14969
0.941618
0.891783
0.907872
0.865708
0.950903
0.996076
0.980741
0.926163
0.865025
0.967358
1.02103
1.04462
1.09724
0.803828
1.04752
0.939725
1.15981
0.975079
0.953617
1.05933
1.11107
1.06841
0.96755
0.867547
0.938355
1.13706
0.952599
1.05381
0.906153
0.920908
1.05551
1.01997
1.09326
1.08735
0.989777
0.826596
1.0131
0.870554
0.890187
0.985833
1.02952
1.03069
1.04129
0.935599
0.995554
1.08468
0.814456
0.789471
1.06592
1.01402
1.0212
0.850679
0.955704
0.879968
0.99031
1.13552
0.952454
0.840967
0.92913
0.97619
1.03455
0.904897
1.09747
1.29557
0.932083
1.03179
0.961881
1.04754
1.00064
1.00314
0.93609
0.908742
1.0541
1.12145
0.876124
1.02287
0.847261
0.99931
1.01773
1.09064
1.09781
0.952804
1.0056
0.961064
1.05875
0.776717
1.10907
1.06002
1.1648
0.976662
0.951198
0.820375
1.02746
0.928721
0.931442
0.744914
0.982774
1.1182
0.953026
0.992702
1.11845
0.887949
0.9961
1.07528
0.964621
1.00471
0.926365
0.891395
1.00748
0.912677
1.00609
0.978968
1.05114
1.1915
1.01416
0.863402
1.01633
0.916657
0.985483
1.0545
0.982282
1.02818
0.965657
0.988849
1.12306
0.991545
0.96894
0.928602
1.01269
1.00193
1.03698
1.18509
0.925794
1.02704
1.00819
0.822997
1.01686
0.880926
0.974012
1.06474
0.896663
0.96152
1.02201
1.07899
1.01106
1.03656
0.917512
1.02928
1.14214
0.904955
1.13838
0.953688
0.9876
0.979163
1.07045
1.12587
0.858392
1.21374
0.981886
0.886089
0.827274
1.11921
0.874016
1.16589
0.884771
1.04784
0.816363
0.941226
1.05461
0.984243
1.16756
1.14164
1.00601
1.02835
0.991972
0.836817
0.984282
0.985506
0.936996
0.894574
0.981543
0.916891
1.2118
1.04354
1.08543
1.01678
1.14918
0.959281
0.982807
0.810868
0.940607
1.10696
0.990593
0.78633
0.858921
1.13578
1.06514
0.839266
1.01743
0.947261
1.06269
1.05857
1.11663
1.01376
0.892
1.10852
1.05326
0.938216
1.05905
0.89768
0.80575
1.03455
0.899958
1.10415
1.04427
1.18711
1.03316
0.918113
1.19638
1.10801
1.00332
0.938874
1.07427
1.06424
1.02208
0.992944
1.01427
0.971187
0.988865
1.09096
1.12176
1.02406
0.804497
0.990224
0.993759
1.14246
0.992331
0.934118
1.14654
0.973454
0.922292
0.936969
0.847931
0.917991
0.987554
0.886288
0.981288
0.921861
0.958434
0.840394
1.00459
0.984518
0.990671
0.994693
0.995322
1.0505
0.967655
1.11882
0.865088
0.870488
1.04043
0.931095
0.897239
0.922019
1.05504
1.01029
0.911823
0.906435
1.03731
1.13319
0.99347
0.973282
1.11416
1.13313
0.974278
1.03062
0.970348
1.02524
0.971514
1.0155
0.936042
1.08951
0.903907
1.07696
0.973877
1.20064
0.915196
0.910805
0.973189
1.07237
1.08169
1.04529
1.05809
0.888683
0.890483
0.8752
1.0801
1.01812
0.907927
1.17437
1.10157
0.955307
1.04916
0.902473
0.946728
1.05648
1.02429
1.05196
0.900922
1.16391
0.92856
0.996359
1.05965
0.917967
1.0519
0.980987
1.13151
1.14874
1.02061
0.991761
0.962356
1.17213
0.973604
0.948488
0.986458
1.11299
0.898351
1.09282
1.20261
0.996814
0.860356
1.01471
1.2566
0.967548
1.07085
1.08133
0.93521
0.851141
1.06277
1.03769
1.00976
1.01397
0.924342
1.24968
0.820266
0.871679
1.02974
0.897607
0.867974
1.13754
1.08451
0.967714
1.23175
0.878858
0.965785
1.02481
0.8829
1.0188
1.04345
1.06352
0.976801
0.897821
0.883321
1.03587
0.987974
0.910639
1.18209
0.739571
1.05311
0.828647
1.02702
1.03753
0.822147
0.931733
1.18531
0.892926
0.974473
0.85353
0.937019
1.06031
0.999284
0.955302
0.93162
1.08877
1.04445
1.09794
0.819479
1.07048
0.880632
1.02174
0.921312
0.940216
1.04975
0.93021
0.897373
1.1434
0.91237
0.959504
1.1859
0.821534
1.04221
0.967743
1.02987
0.991208
1.02106
1.04422
1.09661
1.06516
0.957072
0.944596
1.03007
1.03228
1.19324
1.03045
1.11691
0.997688
1.10631
1.05801
0.823159
0.774471
0.85445
1.06011
1.25777
0.886676
0.893354
1.02154
1.11119
0.955086
1.08964
0.960385
0.916511
1.09703
1.10564
0.845733
1.05422
1.08612
1.06891
1.09276
0.941414
1.01415
1.11109
0.898955
0.684589
1.23957
0.984773
1.07384
0.863465
1.00641
1.05127
1.13957
0.90451
0.949696
1.0332
1.13299
0.898407
0.909972
1.00718
0.96932
0.847931
1.04656
0.900682
1.10225
1.00974
1.03376
0.955309
1.01814
0.89519
0.953269
1.15977
1.12561
0.912242
0.92607
1.02467
0.963605
1.10907
0.958025
1.03002
0.971596
1.1463
1.06126
0.965766
1.05752
0.898066
0.887848
1.10011
0.960807
0.948528
1.01727
0.944895
0.972529
0.972434
1.07741
1.15149
1.04992
0.869253
1.03869
1.09134
0.828762
1.10119
0.797459
0.901097
0.98737
1.24906
0.918328
0.917733
1.08685
1.0282
1.00956
1.09877
0.921417
0.954613
0.773269
1.29184
0.962678
1.15342
1.1304
1.06776
1.19735
1.0046
1.04964
0.912831
1.00525
0.888082
1.13887
1.07644
1.1379
0.921496
0.966285
0.913578
0.948932
1.06971
0.875851
0.93528
0.934879
1.06392
0.90103
0.998144
0.96718
1.02585
0.996085
0.999275
1.02215
1.07071
0.811426
1.01218
0.983518
1.06444
1.00355
1.07442
0.878455
0.939971
0.991365
1.05872
0.825291
1.04322
1.00959
1.14932
0.985055
0.932153
0.914083
0.923553
0.957645
0.956441
0.937585
0.941513
0.937586
1.0624
1.00082
0.955688
0.982023
1.10091
0.98067
1.06946
1.13117
0.993484
0.843897
1.17406
1.05284
0.937688
0.923386
0.855026
0.95209
1.06735
1.03258
0.979728
0.973176
1.15801
1.01764
1.02688
1.10268
0.914216
0.896023
0.893275
0.939894
0.980119
1.06428
0.808454
0.907804
0.918585
1.01036
1.10199
0.904163
1.17112
0.929851
0.936103
0.983519
1.16002
1.05763
0.979516
1.03576
0.973333
1.13542
1.155
0.856442
0.954587
1.04178
1.01402
1.02685
0.961978
1.09807
1.13525
0.810537
1.02591
0.836138
0.961074
0.993722
1.1501
1.0311
0.977945
1.09973
0.980098
0.889261
0.963674
1.13781
1.10848
0.999724
0.903916
0.964762
0.971853
0.776743
0.8282
0.999286
0.932603
0.950932
1.04676
1.04332
1.13289
0.986106
0.79464
1.09028
0.949461
1.12629
1.07347
1.06929
0.893378
0.946584
1.29651
1.02031
1.01789
1.01307
0.974319
0.920886
0.840479
0.987727
1.11069
0.922194
1.17127
0.963469
0.867966
0.877149
0.895906
1.17011
1.0569
0.861467
1.06106
1.00406
0.951427
1.31114
0.933594
0.995213
1.09704
0.87259
0.748828
1.05707
0.970502
1.07617
0.949267
0.953261
1.13827
1.05244
0.933424
0.931124
1.20261
1.08502
0.81419
0.903949
1.11644
0.910926
0.857651
0.997603
1.06977
1.15609
1.0433
0.949533
0.818355
0.962382
0.995647
1.05239
0.986506
1.15445
1.02759
1.02501
0.979753
0.909685
1.10365
0.886071
1.10409
0.989903
0.955102
0.96379
0.891448
1.04891
0.96053
0.871888
0.987845
0.980328
0.963085
1.02232
1.01518
0.963057
0.989295
0.891542
0.926928
0.969252
1.1267
0.950093
1.25662
0.856266
0.977629
1.11922
1.03395
0.967549
1.07406
1.23677
0.97267
1.07773
0.806349
1.01663
1.06875
1.05852
0.88705
0.841407
0.937699
1.08888
0.996611
0.96587
1.06622
1.06016
0.928463
0.932882
1.02723
1.01495
0.932738
0.873237
1.02991
1.09112
0.885301
0.841842
1.01349
0.997127
0.859485
1.03705
0.83089
0.93805
0.977827
0.92072
0.969405
0.938736
1.02167
0.947016
1.08497
0.778061
1.04358
0.929398
1.12543
1.04306
1.07325
1.07094
1.01087
1.04163
1.06059
0.914446
1.0275
0.986598
0.814915
1.01252
0.89842
1.20637
0.885965
0.955871
0.99509
0.949379
0.980047
0.983997
0.873816
0.952842
1.10131
1.14889
0.991193
0.951866
0.927554
0.995373
0.854197
1.05816
0.903989
0.958591
0.983789
0.873168
0.916345
0.924671
1.01756
0.715396
1.03131
0.866702
0.954482
1.0226
0.846799
1.05634
1.08175
0.888123
1.01273
0.947684
1.13729
1.14344
0.918209
1.09781
0.940112
0.97292
0.929978
1.17357
0.997792
0.913015
0.971269
0.951454
0.916911
0.926881
0.842579
0.849094
0.962684
0.946488
0.995732
0.877757
1.06647
1.05982
1.15539
0.837593
0.965524
0.973637
0.995216
0.910541
0.878532
0.936064
1.03841
0.789285
0.996005
0.964948
0.984244
0.945958
1.08362
0.963716
0.96222
0.853545
0.88387
1.03511
0.966219
0.939
0.949207
1.09898
0.966565
1.11132
1.1174
0.811723
0.953391
0.801078
0.847488
1.01734
0.94947
0.893254
1.11864
1.11057
0.930327
0.940734
0.99227
0.996984
1.04121
1.14883
1.02374
0.87405
1.01479
0.974685
1.13356
1.02446
1.11924
1.01838
1.08525
1.00825
1.01549
0.700938
1.10394
0.890793
1.0375
0.94622
0.914778
1.1626
1.08687
1.01151
1.00682
0.896664
0.943012
1.04312
1.00986
0.996714
1.06426
0.877149
0.956158
0.8727
0.971219
1.06038
0.837144
1.2032
0.828311
1.14273
1.11562
0.980614
0.826002
1.08703
0.918996
0.914819
1.07056
0.824284
1.12694
0.929513
0.867815
1.04516
1.04085
0.939751
1.14608
0.926287
0.864318
0.944994
1.07797
0.879358
0.905902
0.911573
0.999302
1.06761
0.993444
0.928673
1.1835
1.07861
0.990387
0.957911
0.857955
0.942359
0.950818
1.09271
0.936148
1.08287
1.15093
0.947017
1.00194
0.900572
0.856001
0.984125
1.07145
0.932257
0.91597
1.0832
0.93964
1.05158
0.772011
0.970183
0.983791
0.921943
1.04504
0.827559
0.884944
1.03988
1.08008
0.869444
1.09937
1.01751
1.10564
0.933106
0.92595
0.984484
1.13203
0.918303
1.14169
0.933306
0.850945
1.12274
0.997972
1.15087
0.938185
0.843066
0.934323
0.962394
1.20451
0.91048
0.951688
0.961878
0.989272
0.956837
0.93839
0.917544
1.07729
1.08704
1.04225
0.936941
1.09943
0.981441
0.979897
0.955054
0.976628
0.913407
0.930359
1.02045
0.918552
0.926173
0.942996
1.04192
1.00558
0.970951
0.900602
1.04517
1.05775
1.00166
1.04748
1.00201
0.715052
1.08554
1.05212
0.890695
1.04623
1.19057
1.06717
0.922425
1.01314
0.933312
0.88839
0.961213
1.07838
0.982851
0.9196
0.938907
1.20299
1.06839
0.933836
0.993744
0.896378
1.01588
1.00661
1.03346
0.955619
1.05745
0.964246
1.02948
0.942119
1.02444
0.892685
0.948611
1.08794
0.982772
1.05515
1.13333
1.13357
1.20651
1.09133
0.98386
0.962923
1.01635
1.01216
0.857535
0.932236
1.02008
1.12834
0.93945
0.911596
0.869031
0.985942
0.93444
0.940869
1.05216
1.01719
0.894067
0.911517
0.91219
1.02247
1.05743
0.85263
1.04429
1.02616
1.15189
1.10151
0.927501
1.12738
1.11941
0.99914
1.0802
0.978743
1.01318
0.913511
1.02698
1.11298
1.11931
1.01687
0.793931
0.851546
0.997667
1.07719
1.02341
0.928563
0.870105
1.11028
1.1339
1.05084
1.12477
0.898116
0.929261
0.938664
0.992729
0.976584
0.983255
0.941149
1.05732
0.942862
1.04601
1.13045
1.04744
1.12153
0.967015
1.02713
0.91869
0.895698
1.05352
1.02195
0.955087
1.15682
0.906883
1.14503
1.04573
1.02169
1.03813
1.0506
0.964968
1.03147
1.05419
0.938236
0.891474
0.911243
1.23599
0.935638
0.950136
0.953243
0.951258
1.02309
0.907643
1.03963
0.90186
1.05314
1.08804
0.890453
0.966097
0.97399
1.01321
1.17618
0.918205
0.7866
0.911936
0.960482
1.0325
1.01175
0.863951
0.923526
1.075
0.946314
1.02817
0.919472
0.924553
0.876203
1.20095
1.11059
0.96482
0.935852
1.03524
1.11075
1.04836
0.946006
1.003
1.0606
0.94964
1.08547
0.902095
1.14181
1.12411
0.997464
1.04429
0.996494
0.844679
0.875509
1.07608
0.777612
0.999953
1.09846
0.897159
1.10222
0.980356
1.11508
1.07161
0.936566
0.966632
0.80664
1.1916
0.854581
0.968204
0.924956
0.917165
1.01976
0.79378
0.800952
1.03891
0.949889
1.06077
0.956276
1.04062
0.884927
1.04266
1.16787
1.01671
1.00253
1.15722
0.97014
1.03725
1.05547
1.21661
1.07769
1.10825
1.07966
0.84953
1.0089
0.908323
0.942898
1.07212
0.923867
1.04843
1.04629
1.08933
0.984993
0.874665
1.01689
1.14839
1.10929
0.996659
0.950753
0.898712
1.19762
0.931398
1.01026
1.20318
1.06161
0.881342
1.03924
0.809699
1.10906
0.845876
1.1402
1.08855
1.00013
1.08131
0.939549
1.0034
1.13887
1.06555
1.11267
1.0376
0.834175
0.944916
1.06178
0.864327
1.03556
1.03688
0.951778
0.98017
0.943241
0.989895
1.05188
1.15747
0.991983
1.19451
1.0292
0.747772
0.979469
0.984341
1.13626
1.03635
0.981942
0.948758
0.946019
1.01596
1.04336
1.03668
0.975421
0.997445
1.07871
0.974237
0.975824
1.18281
0.970036
0.915432
1.15396
0.904165
1.12793
0.900075
0.994719
0.895057
0.759573
0.883148
1.16542
0.990801
1.10191
0.888658
0.960602
0.809764
0.857944
0.951167
0.991031
1.15641
1.19001
0.898809
0.895574
1.04758
0.901563
1.06772
0.845628
0.906889
0.831142
1.00534
1.06966
1.01376
1.01187
1.12213
0.920886
0.887174
1.01567
1.00615
1.18577
1.07303
1.05522
1.08032
0.968107
1.04323
1.00414
0.80203
0.814202
1.14392
1.00266
0.897538
1.0711
0.909292
0.882344
0.977613
0.934234
0.950744
0.942415
0.989987
1.07488
0.905195
1.0567
0.859114
1.0508
0.839105
0.993071
0.958018
1.18449
0.890317
0.93144
1.02909
1.09322
1.07446
0.927961
1.10059
1.08171
0.827936
1.0027
1.03648
0.950733
0.933778
1.13084
1.01307
0.975465
1.05913
1.00826
0.944075
0.927608
1.13501
0.804086
1.02739
0.933499
1.07895
0.81063
1.02501
1.08541
0.991266
0.964416
0.903313
1.0734
1.05778
0.981064
0.908775
1.01254
0.931832
1.09029
0.984719
1.03191
1.16459
1.03797
1.01992
1.08156
0.917579
0.957558
0.999335
1.07498
0.958927
1.02695
0.982997
1.07661
1.00633
0.920352
0.86978
0.960549
0.81511
1.21211
0.956472
0.964524
1.11117
1.08965
1.09254
0.822126
1.11379
1.05194
1.00477
1.07323
0.988338
1.02402
0.864551
0.794453
0.861045
0.948919
0.769663
1.0295
1.06084
0.887239
0.923876
0.996811
1.04015
1.05518
0.962443
0.810429
0.852285
1.06852
0.951258
0.88584
1.06065
1.01699
0.986289
0.869749
0.918603
0.937984
1.10344
0.934251
0.995378
1.10777
0.899742
0.924433
1.00189
1.05854
1.08136
0.911972
1.02542
0.969197
0.981955
0.95368
0.920355
1.16567
0.912372
0.901677
0.80786
0.996026
0.945993
0.964133
0.984104
0.910701
1.06441
1.07501
0.978316
1.01063
0.992656
1.14592
1.06396
0.962011
1.06274
0.794694
0.985252
0.861946
0.889533
1.12506
0.993866
1.0456
1.08008
1.12983
1.06268
1.00421
1.00112
0.80589
0.919927
1.02366
0.936655
0.857409
0.966227
1.07379
1.02606
1.05615
1.1
0.825312
0.937321
1.08021
0.912481
0.872183
0.954558
0.865265
0.984048
1.18239
0.927613
1.00572
0.994648
1.15987
1.01086
1.147
0.962578
1.09221
0.977791
0.849722
1.06377
0.920428
0.956251
1.01619
0.907428
1.16266
0.866875
1.03537
1.06081
1.03128
0.873681
1.02016
0.930253
1.10024
0.993981
1.12672
0.998333
0.84297
0.920378
0.964561
0.910547
0.968779
0.949181
1.07725
1.03755
0.868742
1.04761
1.06501
1.03971
0.913582
0.867162
0.939417
1.10077
1.04639
0.809259
0.950827
0.99928
0.850104
1.2038
1.12594
0.917528
1.09255
0.987503
1.14696
1.15225
1.04004
1.05497
1.01489
0.987073
1.10989
0.902123
1.06359
1.02925
0.841128
0.97874
1.04046
1.08195
1.04609
0.979369
0.811361
0.961333
0.990195
0.943018
0.939859
0.848339
0.905431
0.981886
0.965389
0.820512
0.998398
1.12471
0.844111
1.02061
0.855904
1.17513
0.865952
1.10158
0.984214
1.18067
0.949237
1.07439
1.12856
0.946103
0.984928
0.957577
1.07448
0.884595
0.807765
0.993167
0.868132
1.17989
1.20186
1.09645
1.0071
1.01058
1.12193
0.814221
1.04357
1.01224
1.01202
0.993084
0.809899
1.08498
1.01672
1.00828
1.12439
1.05245
1.10328
1.0323
0.804539
1.02285
0.899512
1.07874
1.02157
0.913424
0.982439
1.22094
1.09549
0.979616
1.12268
0.871035
0.884789
1.03534
0.955652
1.08078
0.921774
1.02225
1.08071
0.874879
1.1909
0.96722
0.940815
1.03698
1.11605
0.983487
1.0904
1.01099
1.02651
1.03695
1.02472
1.27827
0.907049
1.05385
0.934839
0.966852
0.958076
1.05104
1.1007
1.1799
0.943131
0.853784
1.05849
0.903371
1.0325
0.962118
0.817371
0.860665
0.988606
0.980934
0.88378
1.15558
1.12969
0.980223
0.996968
0.955295
1.03643
1.11287
1.20914
0.853342
0.966986
1.08773
0.922693
0.925754
0.979085
1.10545
1.01663
0.806784
0.980719
1.15226
0.812247
0.831867
0.881067
1.04994
1.01662
1.01369
0.949522
0.935925
1.1379
1.09548
0.996286
0.969269
1.20507
0.947084
1.10099
1.01315
1.11456
1.1488
1.01037
1.14531
1.00903
0.907363
1.01229
1.01003
0.974221
1.04662
0.815125
0.932321
1.06592
1.02465
1.16681
1.06559
1.10181
0.92554
0.924748
1.02257
1.09803
1.16591
1.02668
0.922937
0.89322
1.39745
0.950677
0.86566
1.05698
1.09611
1.1578
1.01476
0.936676
0.919835
1.04292
0.979602
0.976821
1.02476
0.922855
1.041
1.08561
0.96763
0.945833
0.922055
0.991767
0.961729
0.963578
0.887323
0.879089
1.02478
0.857851
0.861813
1.10845
1.10522
1.04197
0.94814
1.00233
1.08409
1.08214
1.04487
0.932285
1.06106
0.986122
0.895107
1.11543
0.851582
0.829132
0.848888
1.01648
1.06029
0.915876
1.03777
0.902654
1.02699
1.14505
0.967851
1.19318
1.14079
1.11234
1.09122
1.06502
0.979124
0.995189
0.917724
0.766945
0.903072
1.27831
0.868183
1.03425
1.30403
0.966533
0.998032
1.04808
1.01968
0.94388
1.03959
1.10762
1.06432
0.938991
0.943877
1.0266
1.08548
1.11076
1.02545
0.956382
1.01852
0.948194
1.11168
0.907512
1.04314
0.997348
0.965725
1.10537
1.16596
0.963177
0.949495
1.00758
1.07913
1.05836
1.06329
1.10829
0.867864
0.94941
0.876633
1.02737
0.930653
0.895842
1.13794
1.20109
0.984554
1.01763
0.869717
0.877929
0.967547
1.21751
1.22175
1.19793
1.01289
1.12061
0.93855
0.978751
0.978739
0.993663
1.19258
0.925946
1.15902
1.02497
1.12998
1.12429
1.10948
0.849616
1.12361
1.12247
1.01984
1.01856
1.24062
1.15683
0.879386
1.03422
0.990801
1.05588
1.1619
0.91298
0.919323
1.05816
0.98469
0.871168
0.866396
1.10844
0.9392
0.938645
1.02492
1.08701
1.01075
1.1298
1.16915
1.16714
0.908149
1.01627
0.913239
0.89955
1.07953
0.938144
0.956416
0.989181
1.05674
1.13984
0.884978
0.990121
1.00931
0.949686
0.933682
1.12725
0.961114
1.15962
0.925404
1.11049
0.965966
1.25888
0.997436
0.986131
0.966214
0.989989
0.947675
1.22532
1.13218
0.950852
0.906102
0.998956
0.965733
1.10552
1.02927
0.998607
1.11562
1.11982
0.835568
1.03152
0.939312
1.04752
1.06116
0.902019
0.904801
0.999676
1.07422
0.960061
1.08944
1.04749
0.915399
0.911963
0.798455
1.01778
1.00493
0.879496
0.897795
0.930294
0.989917
0.985913
0.913044
1.02486
0.997205
1.02035
1.10639
1.06888
1.09949
1.14575
1.06719
1.08287
0.848591
1.00728
1.01774
0.959019
0.832011
0.979209
0.875102
1.04353
0.99486
0.903645
0.885206
1.18614
0.936614
0.973135
0.818213
0.931698
0.770301
0.924545
0.97314
1.08519
1.01914
1.06853
1.11923
1.05249
1.11492
0.933062
1.02764
1.01146
1.09409
1.02361
1.14393
0.830649
1.04677
0.888451
1.07842
0.829322
0.928004
1.02562
1.00855
0.937274
0.84604
0.937618
1.02718
0.99098
0.796262
0.923481
0.91448
1.03742
0.983739
0.89952
1.06934
1.0122
1.0108
0.93162
1.10817
1.01234
1.00595
0.880193
0.952538
1.02742
0.967209
0.976293
0.810798
0.987996
0.938432
1.1148
1.02408
1.07836
0.92431
1.12892
1.26264
1.10719
1.01701
0.999286
1.01449
1.15615
0.908157
0.9501
1.06181
1.0461
1.14377
1.11781
0.906319
1.03832
1.04445
1.08584
0.982636
1.00758
1.15336
1.10026
0.893863
0.956117
1.15298
0.968041
0.970366
1.22948
0.963286
0.856912
0.94158
0.851016
0.898125
1.14824
0.789786
1.03647
0.902975
1.03866
0.98524
1.14017
1.07021
1.09109
0.953127
0.861606
0.959186
1.08757
1.09979
0.936762
0.99829
1.18414
0.990827
0.906079
1.07742
0.991724
1.06166
1.06278
1.06185
1.028
0.926818
1.11333
1.14232
0.844333
1.19344
1.01608
0.972581
1.19993
1.0178
0.996605
1.0504
1.00337
1.06135
1.08818
0.941213
0.859671
0.954754
1.01797
0.98846
1.04738
0.979384
0.928128
1.12811
0.977449
1.0685
0.922879
1.18409
1.01027
1.03575
0.966368
1.03927
0.971924
1.00162
1.19181
0.93447
0.969506
1.15235
1.10977
0.974018
0.850892
1.02458
1.09294
0.951173
0.842901
1.24024
0.775908
1.02695
1.02974
1.00292
0.954468
0.967683
1.11471
0.955915
0.94243
0.990827
1.00688
1.26718
1.09152
0.962648
0.905308
0.872294
0.931365
0.923319
1.06236
1.12834
0.961651
1.02173
1.01472
0.959746
1.04365
1.23452
0.993787
1.07151
1.0597
0.966372
1.10226
0.838095
0.853793
0.984657
0.937592
0.916589
0.869428
1.09644
1.02852
0.939014
0.995116
0.873649
1.00881
1.10488
0.979656
1.03
1.25572
1.10838
0.923901
1.02096
0.989321
0.816007
0.958508
1.09398
1.15045
0.95784
0.963016
1.182
1.01827
1.0837
0.985409
1.01039
0.990069
1.13136
1.08229
1.01492
1.01021
0.996507
0.975488
1.02854
0.952379
1.10744
0.897612
0.781658
1.01903
1.06284
1.04159
1.01326
0.885785
1.04177
1.0386
1.10996
1.12126
0.981768
0.918481
0.885596
1.01687
1.10873
0.975212
1.09789
0.90985
0.926758
1.01171
0.866782
0.971818
0.947239
0.880223
0.795941
1.13033
1.03296
0.927887
0.965078
0.976293
0.890607
1.01295
0.900294
0.843408
0.964877
1.0395
1.05962
1.00661
0.971864
0.895103
0.951128
0.94715
1.07497
0.932264
1.02605
0.930517
1.08254
0.996655
1.10106
0.861593
0.930305
0.948555
1.04325
1.12384
1.02878
1.05981
1.01963
0.965041
0.885375
0.87191
1.11855
0.959011
1.13217
1.02156
1.00456
0.930813
0.95517
1.2521
0.839086
0.918142
1.11179
0.901411
1.19311
0.85261
0.894535
1.00578
0.950887
0.866112
0.949995
1.0996
0.889872
1.04786
0.922132
1.02984
0.923078
0.853806
0.894281
1.08322
1.07496
0.802206
1.08625
1.05636
0.896409
0.917164
1.09524
1.05887
1.04033
0.98235
0.842051
0.878664
1.01682
1.10282
0.963507
0.977072
0.976132
0.968293
0.95308
1.29716
1.11547
1.02129
0.834865
1.00028
1.17127
1.25909
1.03267
0.894335
0.985247
1.04629
1.06652
0.878055
0.981883
1.04046
0.944625
0.92105
0.898675
1.11513
1.05975
0.935427
0.878831
0.827103
0.959826
0.792077
1.20111
0.993272
0.894057
0.911859
1.00532
0.947116
1.0755
1.11336
0.976042
1.10933
1.15123
1.17188
0.818782
1.05218
1.003
0.981532
1.01497
1.16822
1.07985
1.11153
1.09092
1.04288
1.17693
0.919286
1.03163
1.04053
1.07298
0.85193
1.10642
1.07741
0.98001
1.10601
1.05356
0.94594
0.982846
0.971984
0.892248
0.906263
1.11758
1.06912
0.894009
1.09606
1.04835
0.982761
1.05702
1.23196
0.771013
1.08871
0.987748
0.977269
1.17458
0.890812
1.10428
1.11983
1.08038
0.937281
0.977985
1.07516
0.971707
0.921228
0.900004
0.897194
1.17331
0.763014
1.03569
0.80262
1.03544
1.02587
0.962754
0.983716
0.955602
1.05138
0.984113
0.962991
0.945281
1.03699
1.04891
0.974689
1.0839
1.10048
1.12432
1.17544
0.948278
1.04298
0.995185
1.0042
1.13482
0.978313
1.01428
0.943309
0.834771
1.0045
0.865458
0.983119
0.895089
0.821769
0.977887
0.945714
0.972351
0.895108
0.982626
1.05234
1.03052
0.965871
0.900527
1.00283
0.9087
0.929727
0.982985
1.08782
0.840758
0.917115
0.986527
0.985541
0.862546
1.034
0.994785
0.977001
0.873875
0.918037
0.741944
0.988959
0.943206
0.994321
1.2188
0.907819
0.894424
1.1196
0.777435
1.20086
1.04641
0.871541
1.04323
0.932962
0.946424
1.05724
0.860445
1.01649
0.79295
1.02762
1.03621
0.898684
0.978712
1.13376
0.988427
1.00997
1.05634
1.09457
1.06297
0.859139
1.07258
1.0421
1.02892
1.13589
1.18416
0.961229
1.00172
0.89525
0.975081
1.0162
1.0441
0.998078
0.916467
0.836336
1.06794
0.942821
1.23254
1.01187
1.136
1.10616
0.999445
1.15049
0.944673
0.825945
1.07729
0.998271
1.1572
0.924405
0.937846
0.945487
0.867026
0.924104
0.954938
1.07254
1.00801
1.02969
0.918531
0.914551
1.03693
0.82548
1.00863
1.15334
1.08242
0.91325
0.958834
1.01045
0.916902
1.05686
0.878697
0.994992
1.08909
1.08629
1.02806
1.21633
1.03891
0.937285
1.03616
0.796084
1.1434
0.908509
0.876121
0.815664
0.883581
0.94338
1.17733
0.881225
1.1685
1.10589
1.06399
0.781989
0.869835
1.0601
0.924529
0.796292
0.93465
1.02603
0.975963
0.8569
0.867626
1.07845
1.06001
0.924185
0.987013
1.01001
1.01805
0.869968
1.01701
1.27332
0.909239
0.922083
0.979969
0.985196
0.897185
0.760071
1.06526
0.817342
1.03148
0.897097
0.954689
0.877694
1.15014
0.830642
1.18555
0.998622
0.937131
0.903136
0.863435
0.875576
1.14994
1.06221
1.0271
0.966069
0.981248
0.942482
1.04401
0.967253
0.910784
0.852069
1.04009
0.837165
0.990565
0.936044
0.973712
1.0532
1.1527
0.971496
1.02901
0.885104
1.23891
0.952186
0.964763
0.968043
0.796393
1.03572
0.953387
0.920097
0.893592
0.884378
1.05872
1.01514
0.963816
1.0344
0.958437
0.905971
1.03655
1.01298
1.00235
0.969978
0.905079
0.959994
0.981828
0.995532
0.937207
0.907256
1.01888
0.961637
1.02118
1.20143
0.939064
1.04956
0.849527
1.21317
1.06983
0.957421
1.2478
1.07554
0.922592
0.992913
0.999316
1.05828
0.941029
0.844045
1.07177
0.910958
0.81047
0.900143
1.19796
0.854375
0.875414
0.99003
1.19428
0.867968
1.12031
0.971658
0.974057
1.03136
1.23371
0.939412
1.12981
0.929894
1.05863
0.853693
1.01972
0.860483
1.18845
0.837857
0.981182
1.0187
1.06891
1.04359
0.980044
1.05295
1.16565
0.958673
0.990988
1.19692
1.05895
0.881896
0.963998
1.00289
1.08894
0.983517
1.05013
1.09475
0.817036
1.03908
0.951324
0.976391
1.05678
0.963852
1.01316
1.02572
0.978536
0.997742
1.01475
0.918247
0.906693
1.00853
0.906302
0.993527
0.96814
1.21198
1.03075
1.05991
0.867967
0.893208
1.14291
0.823446
1.03491
0.841012
0.910629
0.936974
1.02832
0.849434
0.891003
1.07869
0.794384
1.19181
0.937341
0.926688
0.887244
1.10075
1.05885
0.856639
1.07638
0.92495
0.944022
0.880993
1.14767
0.999784
1.04641
1.0749
0.98349
1.26089
1.1164
1.03828
0.872878
0.807041
0.991355
1.22683
1.05065
1.02714
1.17009
1.12074
0.959522
1.15894
0.918256
0.902777
1.07546
0.938449
1.09491
0.928575
1.10678
1.01697
1.01622
0.854913
0.894755
1.2686
0.989055
0.905027
1.07762
0.843257
1.03146
1.1184
0.947663
1.16246
0.966874
0.999239
0.979532
1.09524
0.886991
1.05504
1.01958
0.995491
0.966694
1.04529
1.01977
0.894174
1.03143
1.06078
0.959689
1.09096
0.999587
1.0061
1.06356
0.99838
0.964388
1.06994
0.942513
0.991381
0.825926
0.79279
1.01128
1.0267
0.845154
0.878477
0.992496
0.830721
0.997491
1.09461
0.951712
0.867791
0.985368
1.03754
1.0712
0.925121
1.06761
0.917579
0.985062
1.08617
1.01678
0.989785
1.28274
1.11964
1.1064
0.981644
1.04231
1.04899
0.900557
1.03071
0.996279
0.967756
1.02102
0.9593
1.06327
1.00765
1.18626
1.10036
1.00812
1.08802
1.00133
1.0328
1.0937
0.970113
1.07967
0.828162
1.10543
1.09455
1.04046
0.914754
0.973714
1.09651
0.918814
1.07418
0.927858
1.0343
0.843956
0.957454
1.03653
1.07789
0.948883
0.793811
0.848152
1.00786
0.866835
0.98904
1.08769
0.996317
0.905734
1.03187
1.01514
0.824751
1.06206
0.956655
1.02477
1.05321
0.855873
1.14957
1.12397
1.02503
1.12156
0.940031
1.16182
0.835144
1.01616
1.03043
0.800555
0.923048
0.998367
0.979402
1.01903
0.944728
0.939081
1.02179
1.0374
0.978905
1.01708
0.965306
0.986607
0.903681
0.92004
1.12476
1.16418
0.97919
0.997019
1.05868
1.08433
1.12499
0.872255
0.871548
1.17837
1.00871
0.813059
1.26523
0.972979
0.996936
0.97881
1.27773
0.906073
0.988866
1.09129
1.03648
0.89305
0.86819
0.988472
0.913569
0.989504
1.05506
0.975749
0.809453
1.07892
1.12538
0.932836
0.876446
0.923623
1.02187
1.02405
1.17546
0.878514
1.08844
1.03109
1.11057
0.886978
0.988049
0.924195
0.941273
1.08512
1.19042
0.983549
0.99399
0.962903
1.0659
1.00909
0.92828
1.25444
0.932769
1.06617
0.986219
1.05968
1.16421
1.01169
0.840275
1.0575
0.948527
1.03299
1.08117
0.92155
1.04684
1.08877
0.939368
1.02562
0.905755
0.986908
1.10125
0.87306
1.02101
0.983483
0.961995
0.88495
1.0267
0.998777
0.983883
1.18074
1.02713
1.06989
1.03169
1.07145
1.01769
1.06051
0.982479
1.01027
1.02918
1.08661
0.965837
0.965023
0.952501
0.954605
1.01144
0.861553
0.99544
0.969128
1.1341
1.00493
0.91604
1.12243
0.976374
0.920606
0.961728
0.813066
0.98393
1.11257
0.979829
1.13321
0.941505
0.912048
1.11702
0.906673
0.98235
1.02066
1.08363
0.85532
1.18348
1.06647
1.14814
0.973494
1.04463
0.932405
0.997858
1.01536
0.872413
1.16662
0.960926
0.974161
0.84958
1.10731
1.06953
0.839828
1.06212
0.98512
1.0174
1.16593
1.05214
0.874731
1.24131
1.08422
1.00349
0.886426
1.01623
0.881494
0.934314
0.877192
1.03723
1.29526
1.05467
1.05571
0.989326
0.873814
1.10165
1.09571
1.10886
0.855092
1.11508
0.932856
0.884868
0.898393
0.98075
1.00995
0.98057
1.10299
1.0014
0.915115
1.0293
0.901752
0.921828
0.959575
0.981648
1.06089
0.930935
0.877733
1.00896
1.03118
1.03196
1.06834
1.00519
0.966628
1.05566
0.975794
0.777855
1.12437
0.931187
0.851461
0.971258
0.994027
1.05329
0.864248
1.0981
0.978633
0.974661
1.06922
1.00488
0.95928
0.945451
0.863821
1.13046
0.81354
1.12538
1.10415
0.983593
0.988872
1.11573
0.950849
1.08936
1.02167
1.07953
1.06927
1.06839
1.06041
1.05157
0.957605
1.03802
1.0634
0.855783
1.00687
0.895633
1.02376
1.04644
1.23126
1.01564
0.871796
0.940685
0.844563
1.0446
0.949962
0.930133
1.09892
1.08188
1.02055
1.10409
1.04978
1.14867
1.04729
0.971506
0.939719
0.976333
1.00805
1.08276
1.13546
1.0514
0.847493
1.09806
1.04515
0.924912
1.06634
0.987803
0.912482
1.11931
1.073
0.995458
1.0797
0.994381
0.765908
1.33279
1.25406
0.905504
1.28371
1.0442
0.921767
0.971519
0.971752
1.03494
0.925429
0.982311
0.909613
1.02571
1.18576
1.13118
0.925087
0.893918
1.07879
1.04618
1.0413
1.07762
1.07557
1.09704
0.963011
1.08606
0.874374
0.947952
0.945316
1.07916
1.1447
0.964248
0.79988
1.02849
1.06036
1.01718
1.02971
0.967681
0.837293
0.913505
1.0032
1.04787
1.09318
1.16814
1.00873
0.890352
0.955672
0.821889
1.04247
1.05686
0.982215
0.896979
1.08769
1.02932
1.00369
1.22964
0.9266
1.08045
0.989858
1.01366
0.977714
0.899695
1.06371
0.957559
0.982315
1.13329
0.952043
1.09219
1.00138
0.90816
0.913795
1.09675
0.989774
1.07275
1.11463
0.996519
0.967119
0.956657
0.97607
0.931977
1.00881
1.15674
0.933595
1.02861
0.839333
1.09088
0.786807
0.841783
1.05318
0.912533
1.00719
0.991112
1.05528
0.998886
0.9713
1.03341
1.14914
1.04497
1.13742
1.20287
0.86677
1.05665
0.970862
0.868614
1.07447
0.9149
1.11752
0.722429
0.859564
1.07112
0.96109
0.946673
1.05354
0.976792
0.870735
0.940897
1.19973
0.982475
0.902574
0.903912
1.22814
1.06792
1.039
1.00981
0.84689
1.04782
0.710507
1.13657
0.889544
1.08551
1.11703
1.09766
0.869984
1.11359
0.884046
0.75644
1.14456
0.807181
1.06224
0.97841
0.882574
0.89565
0.971573
0.819232
0.973627
1.05599
1.01275
0.95696
0.895428
0.992087
0.96635
0.978101
1.01077
1.25593
0.931372
1.08533
0.88231
1.00936
0.982588
0.947953
1.00695
0.984107
1.06006
0.980841
1.05909
0.811866
0.977652
0.824042
1.0086
0.949421
1.0351
0.844119
0.953078
1.09458
0.897689
1.17398
0.91775
0.877924
0.994729
0.938512
1.11372
0.953543
0.956044
0.970657
0.991661
1.03144
1.00371
1.00054
1.13581
1.17351
0.970337
0.898259
0.888095
1.00736
0.888513
1.32351
1.08233
1.03634
0.929304
1.1241
1.16547
1.04978
1.08688
0.970037
0.879509
0.852053
0.912268
1.16759
0.888428
1.00183
0.756204
1.00723
1.12088
0.990765
0.966156
1.03216
1.06063
0.903044
0.981094
0.952757
0.930078
0.94515
0.981142
0.859232
1.01259
0.902794
0.85968
0.957697
1.00369
1.02972
0.94008
0.949205
1.05797
1.01613
1.20291
0.889398
0.829189
0.886228
1.00673
1.04184
1.05472
1.15578
0.966366
0.836153
0.986205
1.0563
0.981882
0.931417
0.986497
1.03505
0.857979
0.963892
0.975903
1.08757
1.02305
0.842249
1.0693
0.994956
1.09043
1.02302
0.993786
0.98135
1.23065
0.935772
0.910505
0.93134
0.896778
1.10762
0.843735
0.981635
0.89021
0.959082
0.972744
0.697003
0.971345
1.00049
0.956214
1.09347
0.897674
0.984105
1.08097
0.987914
1.07533
0.938647
1.1901
0.97218
0.986379
1.06042
1.21023
0.893787
0.98957
1.14971
0.819885
1.02219
0.906783
0.948803
1.24055
1.26557
0.955472
1.0037
1.07668
1.07549
0.854302
0.936299
1.05273
1.20061
1.0004
0.998241
0.811975
1.26728
0.904746
0.928176
0.944009
1.16412
1.00469
1.08476
1.16018
1.14422
1.0996
0.995471
0.940236
0.977082
1.03067
0.938544
0.91231
0.805014
1.09485
0.99665
1.13216
1.23061
0.996315
1.05645
0.900574
1.13077
0.877501
0.849186
1.05088
0.968539
1.18652
1.19302
0.961741
1.07238
0.955246
0.85086
1.22164
0.988075
0.877698
0.931519
0.843836
0.986431
0.923926
0.979987
1.0229
1.02643
1.04092
0.860114
0.813663
1.07392
0.970094
1.01183
0.947303
0.987164
1.10045
0.965114
1.066
1.0955
1.04421
1.20139
1.09296
0.898511
1.14645
0.891722
1.0071
1.12803
1.04528
1.16959
0.943896
1.04901
0.896916
0.930775
1.21509
0.870908
1.00141
0.837655
1.09546
0.916424
0.970728
0.989232
1.0168
0.96725
0.871969
1.06305
1.01266
1.10733
1.17297
0.9383
0.901929
1.10235
1.09304
0.976223
0.913503
0.922667
0.887754
1.15012
1.05428
0.942163
1.07495
0.940453
1.03034
1.03419
0.927529
1.19207
0.89054
0.961932
1.03372
1.12013
1.10168
0.891405
0.97039
1.08357
1.02854
1.26112
0.97569
1.14916
1.0699
1.14485
1.18539
1.18245
0.890557
0.919234
1.1958
0.948218
0.928308
0.887872
0.935236
0.966907
0.99231
1.01284
0.906805
1.00165
1.20831
0.909652
1.15569
1.04976
0.901277
1.10275
0.850387
1.08343
0.801551
0.889381
0.97628
1.00415
1.10152
1.1448
0.999297
0.932948
0.97767
0.951974
0.937894
0.892378
0.880414
0.934112
0.87508
0.953947
1.21731
1.09373
0.917344
1.15666
1.0896
0.916089
1.22093
1.09515
0.977895
0.948249
0.911943
1.10364
0.93395
0.795227
1.05092
1.10689
0.882541
0.986694
1.00866
0.9975
0.970694
0.99568
0.897312
1.09963
0.949228
1.01061
0.948407
1.07104
1.04803
0.905883
1.17935
0.96958
1.04817
0.958473
1.08705
0.924309
0.901332
1.00969
1.13267
1.02497
1.01482
0.888035
0.953141
1.12314
0.887884
0.945421
1.07629
0.76589
0.960801
1.20866
0.967813
0.964834
1.00971
0.833939
1.00833
0.886156
0.960417
0.925116
0.889474
1.01134
0.918377
0.918116
