1.30361
0.0720549
0.250998
0.589047
0.0451686
1.09792
0.766637
0.55802
1.29105
2.08661
3.75997
0.264404
1.43756
0.0325584
0.374054
2.41282
0.555399
1.73154
1.70103
0.90908
1.85748
0.978323
0.932324
0.0434491
1.83577
2.0732
0.224561
0.0667588
0.217772
0.0201254
1.23672
0.45858
0.346344
0.742316
2.69015
0.997401
0.0362073
0.960112
0.932477
0.555812
0.596586
1.92528
1.13962
0.893773
0.526565
0.517376
0.606134
0.469648
0.202587
0.535682
0.296167
1.50407
3.68818
0.0983859
0.1193
1.51269
0.396794
0.589513
0.008661
3.75803
0.393788
0.40792
0.769518
1.72013
0.113968
1.95966
0.0454488
0.119383
1.24561
0.498401
0.388153
0.751503
4.08616
0.470006
0.0372373
0.285
1.6261
0.58863
1.54318
0.988455
1.33283
0.246386
0.0959129
0.513169
0.0798759
0.604302
1.81783
0.0910993
3.28285
2.26184
0.862307
1.35764
0.909865
0.563618
0.427299
0.744696
0.931349
1.23557
2.47459
1.78165
0.307038
2.05652
3.91138
0.344403
2.01305
2.19575
0.126603
0.264703
0.153083
0.11887
0.334693
0.246435
1.11732
0.697726
0.443849
0.0764215
0.222063
0.560695
0.60643
1.70711
3.75994
1.03849
4.32907
2.41835
1.15086
1.84715
0.507977
0.0191332
0.446899
1.69958
0.370644
0.964138
0.586646
1.3142
1.27204
0.542657
2.19756
1.86162
2.77022
2.85569
1.55061
1.0793
1.90146
0.703616
1.39542
0.322507
1.49006
1.82778
2.69068
0.0968231
2.14412
0.321297
0.0529605
1.25854
0.981136
1.46632
1.34983
0.062407
1.11112
0.338352
0.0806218
0.309081
4.39531
1.25422
0.35183
0.342351
0.629232
0.375165
0.940573
2.54165
2.47449
2.03012
2.04347
1.46805
1.33794
0.584473
0.146755
0.866838
1.54994
1.11026
0.0667515
0.400962
2.11893
1.52927
0.598644
0.149993
0.696766
0.173622
0.374167
0.522678
0.386124
1.19754
1.69949
0.0817545
3.34593
0.642879
0.687605
1.917
2.55648
2.69354
1.90746
2.07662
1.52435
1.38253
0.272948
0.539166
1.44631
2.53875
0.428343
1.03804
1.55259
1.00614
0.421061
0.369066
0.190982
0.0881202
0.986865
0.682662
0.631098
0.249364
0.0859717
0.163056
0.526786
5.94
0.579377
0.205074
0.560982
0.284632
0.334476
0.785086
0.885156
3.11789
0.191135
0.00267668
2.06446
0.164909
1.45845
0.665794
0.388355
1.08495
3.13813
2.54009
0.666385
1.34575
0.410648
2.58309
0.143681
0.735288
0.373558
0.808321
0.435681
0.0655066
0.658873
1.99754
2.7011
0.437785
0.325955
1.41887
0.395434
0.586245
6.13859
0.993947
1.76563
0.285173
0.386604
0.258067
1.90877
0.672906
0.0115886
0.133605
0.179714
1.10327
4.32838
3.24392
0.60243
0.623928
0.501714
0.292307
3.87623
0.0325924
0.0736202
0.0508408
0.0158632
0.464792
0.159798
0.0286561
0.139128
0.626299
0.0389668
2.40824
0.932416
1.4698
0.246179
0.414024
4.15168
1.00343
1.035
1.58259
1.83771
0.618353
0.24338
1.83516
5.31497
0.25782
0.0613302
0.209408
1.72565
3.24907
1.2559
4.43174
0.752622
3.10429
0.427537
0.806493
0.367417
2.76016
0.255362
2.04392
0.0912503
1.2345
2.58349
1.45215
0.145015
1.06826
0.706127
0.186531
0.700654
3.54027
0.714745
0.890258
3.47454
2.58218
1.12264
0.411726
1.80395
0.637839
0.293788
0.741653
0.179081
2.91535
0.71568
2.02854
0.670125
0.986172
3.72389
0.657469
3.04113
0.126296
0.768333
0.603372
0.994292
0.444467
4.97403
2.26888
0.316047
1.92661
1.37142
1.18657
0.143026
0.770764
1.1143
0.0738414
0.402892
0.222202
0.581322
0.106689
0.207141
0.676846
1.21167
2.06557
0.722782
0.302318
0.323645
0.111088
0.324767
1.58066
0.186625
0.234594
0.413184
0.273399
0.881225
6.79141
0.697786
1.89161
1.31275
0.130024
0.111122
0.246862
0.0916512
1.90138
0.145824
1.24422
0.982473
1.73278
0.454354
1.60521
0.496141
1.27038
4.01927
0.00544241
2.31121
0.686117
0.852371
0.130943
0.170106
1.5813
0.502614
1.74871
5.59626
0.362298
0.256328
2.33667
0.558148
0.618614
1.81037
0.100859
1.97744
1.14294
0.453534
1.10277
0.676675
1.30387
0.801186
3.43276
2.88932
1.27808
1.01115
0.898516
1.01795
2.95378
0.386816
0.867668
1.42905
0.263245
0.0676797
0.0475205
0.541445
0.393054
0.39403
1.31996
0.376373
2.12218
0.457735
0.288717
0.477143
0.408828
2.42304
2.05742
0.474347
1.46786
3.94514
0.392436
2.1028
1.89803
0.686912
0.183276
0.875798
1.27083
0.0452559
0.503597
0.355847
0.732122
0.000860921
0.529717
0.468518
0.894975
0.307129
0.599388
0.0233445
1.50836
4.01574
4.49411
0.220027
0.0684665
0.0420051
0.147547
0.886824
1.24689
0.223779
0.272442
1.60951
0.585923
0.387106
1.79844
2.05299
2.7954
0.703564
0.178014
0.180831
0.288683
0.577131
4.67975
0.940174
1.17479
1.79431
1.06406
0.722835
1.3002
1.15171
2.8744
0.358637
0.387025
1.16681
0.173534
1.80875
0.891905
0.698728
0.281215
0.595646
0.855683
1.23158
0.0279268
1.08698
2.21548
0.0898199
2.01735
0.167842
0.201748
2.31935
1.20656
0.275723
0.286021
1.04651
0.866583
0.500545
0.776329
1.39066
0.378443
1.95818
0.30014
2.6493
0.335432
1.29827
0.879371
1.21862
0.405229
2.35623
0.661345
0.425084
0.133183
2.07806
0.408259
0.904357
0.48473
0.256084
0.0739692
2.02901
1.58081
0.536787
4.48619
0.250494
0.996024
0.747655
1.52843
2.67191
1.0871
2.18121
5.07186
1.20328
1.15581
2.77719
3.5613
1.25729
0.0332119
1.5852
0.0492821
0.332747
0.445711
0.542177
2.33162
1.52178
0.178721
0.5419
0.956378
0.0984865
0.44512
0.534041
1.27553
0.476592
0.79743
2.33754
0.262355
1.0957
0.546149
0.12576
0.376847
1.74291
0.430456
2.35921
0.940208
0.395102
0.423602
1.67879
0.477071
0.049686
2.00297
0.00065239
0.510381
0.320363
2.20549
0.0568362
0.0661898
1.7491
0.668536
0.279119
0.31718
1.24223
0.81893
3.91956
1.29182
0.405468
1.09838
0.87385
4.45151
0.903974
3.74466
1.14683
0.827814
0.561136
0.104113
0.46268
0.0956312
0.598417
1.24877
0.658591
0.17359
0.843793
0.879364
2.51031
2.32138
0.303583
0.252299
3.32381
0.357167
0.525633
1.55691
3.01421
1.06722
1.28336
1.88899
2.30515
1.97459
0.00487824
0.688206
2.18774
1.50672
0.0670437
1.43917
0.975543
0.00175268
0.0916714
2.17784
0.202799
0.801047
0.39501
0.162683
0.00625874
0.595548
0.0699089
1.62268
0.488442
1.35323
0.279348
3.16015
0.0440403
0.264902
0.495518
0.092395
0.292057
0.133866
3.07646
0.117272
4.50672
2.3296
0.582938
0.943935
0.085727
0.326784
0.506547
0.267665
0.255296
3.15238
0.671737
1.64737
0.604861
0.718435
1.19044
0.973441
0.458194
0.0115687
0.160206
0.354937
1.54157
0.471605
1.88414
0.591883
1.19645
0.0611014
0.68801
0.544672
0.699742
1.55967
1.899
0.0591331
1.36946
0.101138
0.426147
0.461269
0.243894
0.786041
1.58095
0.840494
1.49599
0.407435
0.205289
0.107124
0.0786204
1.06323
0.98846
2.46669
0.0551526
0.316839
0.0779487
0.0693523
0.562021
2.03301
0.0946244
0.060359
0.0763664
3.25867
0.182174
0.605316
0.0753041
0.701973
1.827
0.105123
0.555432
0.00255456
0.975941
1.1638
1.17043
1.2551
4.32946
1.20264
1.07914
3.14992
0.732457
0.953435
1.07432
0.35766
0.159895
0.518462
0.455694
0.239779
1.47112
0.0366985
0.0489088
0.249535
1.10507
0.276263
1.45491
0.989098
0.37006
0.0441955
0.872743
0.107618
3.78901
0.313282
0.415337
1.22368
0.870221
3.45646
0.530836
0.242822
2.61916
1.09561
0.570353
0.740443
3.41697
1.15539
1.65448
1.04048
1.06937
0.47945
0.610018
0.161095
3.91855
0.638055
0.467621
1.16741
1.60685
0.499437
0.0103336
2.25375
4.26276
1.20694
4.21429
2.03545
2.21056
0.215311
0.470377
0.493919
1.6754
0.248686
0.836981
0.595979
0.726762
0.291787
2.10717
0.19879
2.28566
0.621308
1.43857
1.32341
0.14988
2.63927
0.0956385
0.436242
0.927203
0.0601927
1.80755
0.107025
0.89006
0.767629
0.413296
0.701046
5.32066
0.0093339
0.69341
0.307453
6.66725
0.141802
1.3881
0.32981
1.30082
0.435564
3.86946
3.91889
0.468574
2.97145
0.0186445
1.26356
1.36699
1.06746
0.463073
0.176383
0.173484
0.447072
0.148604
0.838282
0.211532
1.08078
0.429841
0.179123
2.98695
1.58446
1.29313
3.77762
0.474434
3.14258
0.504804
2.10193
0.0355371
0.0602618
4.74949
3.2087
1.40341
1.06556
0.082581
0.239798
1.03287
0.218999
0.143223
0.466067
0.890238
1.23664
0.568081
0.788035
1.0415
0.231363
1.53556
0.454119
0.897454
1.44311
0.231456
1.41096
0.0481201
1.14727
0.226213
0.940591
1.79907
0.229686
0.997508
1.0005
1.88678
1.62765
0.145706
0.0380443
0.22859
0.596592
0.641932
0.822082
1.84405
3.18883
1.32081
0.300327
0.176607
0.529059
0.494064
1.24632
0.641182
1.4159
0.653472
0.495165
1.56285
0.903368
0.0760195
0.251346
0.350006
0.205973
2.99214
0.864336
0.0593937
0.337331
0.412694
0.261489
0.693866
0.289782
0.178622
0.225802
1.62212
2.60377
0.121457
0.109318
1.34686
0.869689
0.722672
0.527702
0.295434
2.61661
0.440563
1.03546
1.67878
0.176907
0.92337
0.621493
2.11509
2.55835
0.0870014
1.0611
2.16255
1.08462
2.02207
0.186925
3.75627
1.30458
0.182725
1.8187
1.04049
0.891127
1.06663
0.995539
2.11141
0.176044
0.0728198
1.37333
0.345522
3.30384
0.349811
0.571
0.809558
0.316464
0.728169
0.175367
0.357074
0.0858258
1.96301
0.788543
0.245082
0.772286
0.0380005
0.179197
1.91115
0.7601
0.970421
0.132322
2.50253
0.120851
0.645356
0.0156043
0.237132
0.953056
1.13004
1.45575
0.256845
0.372274
2.31011
1.985
0.909123
0.0360928
2.54946
1.61504
2.08358
0.222237
2.02072
0.414823
3.40213
2.28345
0.51796
0.878789
1.34887
0.534232
1.20564
0.166888
1.16053
1.55402
0.178369
0.096029
1.13914
0.0639397
0.465955
2.18869
0.425117
0.0945458
2.17387
0.634594
0.9732
4.10489
0.995782
0.561808
2.31354
0.768882
0.170807
1.29317
1.72585
0.764143
0.365885
1.16695
3.73973
0.638013
1.16654
0.241695
0.581283
0.784987
0.228217
0.846089
0.653417
0.353647
1.32733
0.245622
0.731452
0.159778
0.947639
0.815249
1.15482
0.180447
2.07682
0.748014
0.0119081
1.59421
0.394344
1.08751
1.02027
0.104428
0.778583
1.1655
1.94577
2.56267
0.0871756
0.0549839
0.154965
0.622898
0.037509
0.400295
0.00890017
0.620032
0.791524
0.176419
0.940261
2.46896
0.413515
1.79742
0.0541287
1.36776
0.418129
1.42472
2.11201
1.83012
1.30409
0.762273
0.446575
0.117409
0.317945
0.144673
0.729373
1.02012
0.262696
0.821281
1.54238
0.0204631
0.903853
0.312248
0.279216
0.229041
2.9583
0.74316
1.02082
0.582611
0.222293
1.24995
3.39959
0.511713
1.1824
0.318171
0.0798094
1.62881
1.19412
1.42568
0.560675
0.674787
1.71467
0.154591
0.178609
2.82249
1.40498
0.494628
0.997402
0.0515576
1.69964
0.430715
1.06332
0.110537
0.761278
0.797604
0.116626
0.130368
0.133112
0.508914
0.00351498
0.466724
1.65378
0.34265
1.26837
0.149401
1.08414
1.57776
0.347159
0.801655
0.292993
0.681707
1.62016
0.599095
1.73298
1.14566
0.987975
0.0521968
0.575027
0.0550216
0.976854
0.223242
0.121521
0.837562
0.0631798
0.130258
0.486284
1.00209
0.739433
1.27657
0.25738
1.325
0.478005
0.389374
0.00573696
0.615913
0.950815
1.09957
0.169585
1.00767
3.13581
0.139122
0.398241
3.02429
1.81862
1.02228
3.1823
0.139724
0.711214
0.259432
0.427136
0.5558
2.16539
0.269596
2.67216
0.226789
2.14651
0.175163
0.338043
1.04892
2.14907
0.12682
0.439032
0.760961
3.14319
1.47014
0.375797
0.723523
1.72444
0.00437628
0.733706
0.192098
0.562672
0.172799
0.138489
1.58744
0.588829
0.296643
0.61908
0.642218
0.96812
1.32853
0.615375
0.865023
1.56354
0.21465
1.68121
0.396075
0.539598
0.437037
0.254093
1.37896
1.14777
0.148762
0.298831
2.61232
0.346018
0.747866
0.169631
1.15112
0.38264
1.54978
0.490308
0.239744
1.08114
0.259649
1.4356
0.266019
0.884609
0.727266
0.328925
0.543535
0.000160462
2.80677
2.117
2.7035
3.61856
2.34759
1.47484
0.362014
2.70749
0.242522
0.89084
0.607733
1.399
2.97143
0.310767
3.05575
2.85712
0.402405
3.58283
0.407354
1.61863
0.237471
0.0186598
0.46303
0.827242
0.393645
0.0884818
0.131606
0.810809
0.604982
6.12337
0.652289
1.3751
0.139358
1.00523
0.4113
1.02593
0.249181
3.50418
0.975969
1.03398
0.511285
0.0909002
1.52351
0.376776
0.314202
3.14984
0.218825
0.288601
0.137599
0.556008
0.18944
0.17138
1.47864
0.11557
0.925724
0.38578
0.20126
0.536298
0.391839
0.761548
1.47161
4.01217
0.549265
0.727757
0.704875
0.0595231
1.00621
2.70574
0.757406
0.529724
0.432315
0.0915124
2.30292
4.63394
0.0713933
1.62424
0.130824
0.767467
0.356717
0.361356
0.0249975
1.29026
0.558167
0.601977
1.70395
0.0848444
1.82116
0.917143
0.828729
0.0938297
0.342544
0.591268
1.36393
1.43272
0.0989092
1.1537
0.428626
1.53633
1.27792
0.367913
0.894376
0.872074
0.21651
2.53453
1.09059
1.40197
0.857905
0.690838
0.152769
3.14674
0.416293
0.0495088
2.5783
0.0307806
0.0366106
0.643345
2.33689
1.87779
1.2676
1.1499
0.645917
2.06544
2.34499
0.113196
0.211676
0.990201
0.913892
0.185969
0.468077
0.415824
0.106138
3.89823
1.05755
0.0861944
0.207293
0.144189
1.05533
3.59604
1.67908
2.6858
0.573719
1.43577
0.0767991
0.863423
1.86615
3.98385
1.67005
1.66202
2.92945
0.0511336
0.64569
0.700732
0.373855
0.251032
0.812982
1.02698
0.650486
0.632408
1.93842
2.62305
0.302873
0.405748
2.58499
0.492723
2.31236
0.264353
4.42236
1.12335
0.379948
1.18652
0.955173
0.0872108
0.0116444
1.0423
0.0475076
0.86076
2.483
0.372241
0.950786
0.615266
0.215756
1.52651
2.42422
0.936597
2.5401
0.504089
0.621698
0.239161
0.914611
1.6928
0.729189
0.107093
0.455707
0.293153
0.757759
1.24578
0.216979
1.0493
1.61328
0.662075
0.719271
0.09048
3.08472
0.471396
1.34153
1.42049
0.850598
2.67884
0.0525219
0.836337
0.694786
4.69478
4.45046
1.52652
0.69272
0.0252316
0.945463
0.552318
0.257835
0.0246372
0.351763
0.145818
0.297237
1.8515
0.936297
2.02177
0.641011
0.530695
0.120335
1.6681
2.39596
3.04745
1.85891
0.593632
0.693377
0.596492
2.16205
1.23988
0.873963
0.702935
0.360697
2.73278
2.15049
0.268749
0.416542
0.107608
0.931149
0.0518031
0.0842961
2.5571
1.03401
0.974168
0.277451
0.40522
0.549355
1.56904
0.781298
0.241099
0.0385826
1.73935
0.362272
0.879837
1.75928
1.53576
0.559163
0.864992
2.51445
1.30754
0.218347
0.410006
0.404862
0.0816444
2.3014
0.178248
1.09094
0.736307
0.369334
0.295123
1.72684
2.93785
0.325338
1.42427
1.37354
0.654492
0.31998
0.672479
0.061147
0.252507
0.937899
0.234073
0.301263
1.55476
0.149633
1.35471
0.0774412
0.330875
0.106551
0.694911
2.47837
1.53278
0.761779
0.173301
4.43033
0.602531
3.22227
0.883491
0.463235
0.584134
0.19717
1.86566
0.54691
0.811872
0.21317
0.862098
0.0968288
2.07083
1.14893
1.7358
0.352989
1.95232
0.822488
1.84092
0.557979
0.374687
1.12338
0.58529
0.808268
0.0360117
0.0469589
0.743302
0.0192182
0.629524
0.0663105
0.900292
0.0701094
1.25603
2.16054
0.293968
0.334101
0.191082
0.602888
1.08046
2.61277
1.74299
0.855826
0.180885
0.349086
0.0485136
0.822103
2.12908
0.115037
0.411289
0.077989
3.97151
0.0808866
0.325114
2.47451
1.21697
0.832724
0.0382912
1.9242
1.11805
0.110938
1.92477
0.0113913
2.06022
1.4304
1.11682
0.56573
0.174496
0.809035
0.385047
1.01868
0.296109
1.60989
0.286459
0.89147
1.13358
1.58986
1.0972
0.216522
2.96618
0.560681
0.445579
0.775706
1.51564
0.666784
0.204809
0.483365
1.80102
0.541416
0.227267
0.014523
0.609216
1.1061
3.34056
3.03984
1.2068
0.113726
0.589236
0.637033
0.841939
0.377488
0.359642
1.89258
0.00603572
0.282743
0.255739
0.495582
1.24987
2.13385
0.822097
0.745535
1.19249
1.04921
0.662979
0.0224895
1.14002
1.0536
2.81068
4.5409
1.95601
1.12795
0.367986
1.79094
5.2184
1.80395
0.321768
1.12537
1.00741
0.0492692
0.256949
0.535969
0.603676
1.50542
0.344431
0.223173
1.00174
0.145008
0.391378
1.00041
0.271066
2.75771
1.41336
1.05773
0.0485769
0.641538
0.914716
0.542112
0.0190161
1.43895
1.11468
0.24188
2.33714
0.0103666
0.412836
1.5268
0.686897
0.115657
0.0206953
0.896724
0.210023
0.413839
0.232304
0.404861
0.0227608
0.413655
1.11524
0.017089
0.243316
0.0408271
0.630888
2.39313
0.448936
2.90238
1.60224
0.509238
0.314851
0.151148
0.0492328
1.5117
0.274878
0.189169
0.916848
0.898084
0.852987
1.1108
0.298656
0.329566
0.0921803
2.06589
0.334257
1.20501
1.1122
0.40906
1.08602
1.36293
0.44754
1.06337
0.0516601
1.87145
1.12433
0.503475
0.0347502
0.130632
3.59971
0.263727
0.442143
2.62639
0.359165
0.0188843
0.557668
1.71041
1.22221
1.89238
2.69297
0.683382
0.353142
0.86294
0.208079
2.28832
4.54011
0.97924
2.103
0.111906
1.33915
1.0334
0.227225
0.0928803
0.176733
1.30336
1.60284
0.312851
1.30876
1.46888
1.98726
1.52725
0.238552
0.588868
0.140153
0.536011
0.350537
0.832894
0.0464334
0.920539
0.109596
0.402632
1.6363
0.256731
1.04518
0.0306037
5.84195
7.7186
0.0506949
3.06223
0.0106879
0.10183
1.15621
1.01461
0.214224
2.12419
0.839774
3.81287
0.152429
0.735094
0.410376
0.294982
0.202947
0.266348
1.66025
1.52594
0.0317844
1.50201
0.504385
1.05042
0.044234
0.523651
0.631137
0.183331
0.307417
0.544394
1.04079
0.026305
0.375418
1.6454
0.988127
0.309224
1.36956
1.48239
0.61528
1.83837
0.394341
0.772445
0.115781
0.357533
1.50464
2.48845
0.921307
3.80164
0.606303
1.67035
0.310136
0.615263
1.08835
0.603835
1.34394
0.289756
0.202333
1.51849
1.55508
1.90845
0.332117
1.34343
0.0369419
0.232523
2.83817
2.32246
1.76448
0.285637
0.2854
0.261057
0.50529
0.203812
0.46612
2.26948
1.3641
0.137689
0.0467503
0.084834
0.189497
1.26995
0.123766
2.70785
2.20896
0.54155
0.0934245
0.274084
1.14167
0.72387
0.354571
1.40585
0.264284
0.288375
1.68933
2.16297
0.768256
0.541423
1.21354
0.162527
0.0923465
0.0747734
1.71675
0.35342
1.16795
0.129148
0.0904186
0.507961
0.00415802
0.648186
0.972735
3.86814
0.106912
1.08587
0.300634
0.118735
1.14539
0.32907
2.16578
0.202311
0.288393
0.201687
0.526076
0.297934
3.17075
0.737865
2.29833
2.37208
0.0745066
2.10835
1.14463
0.0605755
0.117576
0.418616
1.29584
1.80371
0.861027
0.953161
0.323502
3.30347
0.268547
4.11273
1.44704
1.41124
0.211404
0.286442
0.231622
2.35749
0.078314
0.780938
0.665218
0.745643
1.79146
0.488821
0.693021
1.19858
0.776122
0.746818
1.54985
1.69871
3.93063
3.91447
2.20961
0.831067
0.174139
1.55206
1.64355
0.861597
0.31469
4.72134
0.0435265
0.776546
2.94472
2.84094
0.0973038
0.481239
1.66689
0.17043
0.00770395
1.56831
0.746872
0.00929764
1.69471
1.22077
0.0788798
1.67479
3.34014
1.31627
4.32534
1.3079
0.1308
0.720439
0.215588
1.18503
0.425809
0.284974
1.19352
1.19508
2.12927
0.773491
0.889226
1.08476
0.19444
0.40853
0.298587
0.391208
2.34703
0.102526
0.222166
0.498298
1.89555
3.7128
3.07532
0.649333
0.244056
0.528886
0.0215489
0.259439
1.24461
0.227768
0.457036
0.916563
0.163632
0.00276285
0.508657
0.918608
0.836718
3.98666
0.47056
0.0923648
2.81752
3.49833
0.418464
1.23949
1.29443
1.28808
0.588065
1.60516
0.0365424
1.10057
0.25909
0.701349
0.480769
0.133284
0.0353008
1.05786
1.05498
1.18186
0.633982
0.479637
2.77612
0.321208
0.0320355
0.682485
3.72851
2.6778
0.187486
0.760008
0.63457
0.00355851
0.484468
0.99082
0.136248
2.05034
0.546026
0.426229
1.27771
1.82525
0.898099
1.35509
0.299183
0.575302
1.07457
2.3889
3.0244
0.0354984
0.425713
0.376776
0.240458
0.138065
0.830436
0.300369
0.819748
1.2925
0.583831
0.0402089
1.89133
0.543512
0.0938647
1.80282
1.19885
0.553681
0.153379
0.349403
0.709603
0.0615911
0.987047
0.26394
0.0724888
1.82108
0.429805
0.265366
0.24192
0.219038
1.98759
0.409203
1.41969
0.25496
0.455256
1.26861
2.40846
0.0399298
0.932267
1.29762
0.379722
0.579297
0.911887
0.00193848
0.6948
0.223395
1.74355
0.286906
0.43565
0.179624
0.426702
1.48049
0.994588
1.55707
0.255299
1.09295
0.944714
1.94112
1.49904
0.0535143
2.24182
1.8541
0.0296414
0.501413
2.51085
0.621672
0.375905
0.28948
1.3598
1.44539
0.099838
0.729088
0.756242
0.0711737
0.0683485
1.06526
0.71384
0.0666666
0.229698
0.518487
0.150942
0.373214
0.467187
0.917624
2.04735
2.63342
0.246768
1.02382
0.411662
0.999317
0.366154
1.09064
1.03536
1.94282
1.82452
0.284868
0.593283
0.247597
1.93985
0.373352
0.08197
4.93801
5.04686
0.924984
0.773769
2.07116
0.943277
1.00777
1.25245
0.937319
0.297227
2.70262
2.70935
2.5656
0.0205882
0.0589359
0.857426
1.17094
0.441182
1.49233
1.50588
1.68484
1.60071
0.218202
1.31818
0.849693
0.973226
0.534519
0.162994
0.0537768
1.0711
0.592813
0.358331
0.155476
0.252648
2.59283
1.51106
1.38844
0.558383
0.338087
1.06453
0.337991
0.256322
0.223484
1.39206
0.283495
0.961488
1.55037
4.12098
2.51037
2.00809
0.0986148
0.795603
3.08849
1.19061
0.523831
0.556628
0.306363
4.75725
1.13299
0.568767
2.54727
1.50537
1.30188
1.43189
1.64196
0.483047
0.679007
0.799254
0.561505
3.8499
0.711071
0.0703866
1.47817
0.846161
1.05912
0.159001
0.469649
0.645831
0.192201
2.87652
2.6612
2.37783
1.1783
0.0647131
0.185121
0.341703
1.05815
1.01413
0.0272298
2.96115
0.131851
0.0266533
0.566009
2.69616
0.448916
0.00983687
0.262066
1.19186
1.91407
0.559341
1.97393
0.553501
0.087321
0.521567
0.955478
2.74429
1.53532
0.0119562
0.396297
1.17735
0.598727
0.541615
2.36225
1.43809
0.300766
0.525565
0.673889
0.0781409
1.79352
0.0848997
0.634778
0.633565
0.331592
0.955922
0.00733385
0.89972
0.804825
0.390081
2.08937
0.202756
2.52714
0.434756
1.49289
1.09938
0.7006
0.523995
0.242856
0.103392
1.25599
1.58568
0.834265
0.365769
0.800921
1.50422
1.85493
1.36464
0.641527
0.496665
2.22453
0.247835
0.425873
5.38953
0.234508
0.839197
0.508244
0.508185
4.83898
2.96671
0.924394
0.722795
0.0148701
0.0640292
0.201982
0.465121
0.553439
3.97953
0.34149
1.19617
0.0944991
2.25433
0.499527
0.146062
2.75948
1.66264
1.25157
2.14906
0.0636687
1.80035
0.297711
1.33015
5.42002
0.131669
0.0228336
0.482624
0.182464
1.78638
1.67449
0.789031
1.15866
1.24011
0.294071
0.039386
0.487172
0.465635
0.31162
0.0592508
0.707269
0.304696
1.59741
0.566312
0.60188
0.131279
0.528534
2.40133
0.04377
0.00587373
1.69404
3.17148
0.298695
0.0498967
2.40487
0.607644
0.611691
0.0924942
0.0566713
1.61957
1.12894
0.581286
0.618127
0.869252
0.36498
1.49992
0.320946
0.478862
2.3874
1.7744
2.09408
0.863081
0.304975
2.00105
0.743913
4.02549
0.0965418
0.540195
0.573974
1.16531
0.0476796
0.243855
0.608921
0.284821
0.133063
0.746956
0.101533
0.489925
0.0351187
0.088316
2.59588
1.18158
0.496842
1.05643
0.680093
1.11448
2.0931
1.35063
0.331182
1.3378
0.593141
2.38248
0.0946722
0.580301
1.42717
0.0455782
2.30156
1.05531
0.827946
0.112458
0.314057
0.95825
2.31722
1.89682
1.49556
0.63823
0.722126
0.429839
1.25153
2.18123
0.399193
0.967075
0.380698
0.280215
6.01421
1.49258
0.00708655
1.82989
0.0568153
0.296652
1.70434
4.4536
1.00901
0.146343
0.0372153
2.22668
0.434214
0.00675723
0.846896
0.583418
1.11695
0.0435615
0.69932
1.20038
0.0141283
0.375606
0.0282483
0.0625862
0.181485
0.0905611
0.957319
1.17295
0.242895
1.24049
0.0212741
1.59058
1.31583
0.945418
2.28835
0.0797831
2.12232
0.291842
1.07174
3.01878
1.3721
1.0249
2.64351
4.78102
0.385314
0.800509
0.204041
1.8811
0.325602
0.529082
1.67706
0.700573
0.408174
0.324284
2.13394
0.204874
3.9867
0.0651419
0.237217
2.79427
2.89518
3.10317
1.83171
1.54197
1.22135
0.474498
1.78789
0.484118
0.605553
0.000786238
0.449381
2.68029
0.986861
2.30665
0.635702
0.413354
1.16886
0.385004
1.06035
1.19451
0.486252
0.717898
1.96033
0.327195
2.12868
0.348553
0.642759
0.851399
1.95307
0.443688
2.58194
0.458226
2.63436
1.22309
0.643643
0.262838
0.0307676
0.108923
0.397923
1.26489
0.807895
0.0306263
0.0789986
0.818147
1.14638
1.30669
0.981696
0.636468
0.265787
1.04394
2.56661
0.030745
0.80999
0.74508
1.6329
0.662505
1.15197
1.46418
0.225353
0.122412
0.0796518
0.754835
0.750523
1.07905
0.22785
0.424802
0.529674
1.38895
1.39938
0.699724
3.25784
1.93056
0.189149
2.31504
0.833394
2.43059
2.43848
0.679512
1.41698
2.58441
1.04974
0.0155042
0.253128
0.0143213
0.94932
0.279112
0.603306
1.3298
0.189937
0.321746
0.293532
0.301637
0.277035
0.0658442
0.412995
3.33828
0.864057
1.10202
1.58856
0.135831
0.893151
0.40193
1.15918
0.184106
4.28213
1.74201
0.68882
2.72618
0.0115981
0.789313
0.147216
3.18083
2.53865
0.103418
1.70542
2.29942
1.08396
1.55747
0.00215319
0.177924
4.11032
0.263422
2.22522
0.223533
1.51995
0.800825
0.330299
0.856424
0.604095
0.428902
0.361103
0.520939
0.637031
0.22802
0.31684
0.382317
1.42167
0.145519
3.3435
0.148117
0.717166
2.25444
1.67123
2.85065
1.90651
0.552298
0.27814
0.0157641
0.513495
0.363254
0.536891
0.206089
0.220498
2.5663
0.622
1.84803
5.15728
0.896457
1.73123
1.50811
0.394847
0.763249
5.75482
0.768784
2.1351
2.38818
1.94131
1.94268
1.102
0.955998
0.282752
0.900778
4.70464
0.0987496
1.90145
0.525705
1.54679
0.991911
0.0371571
1.62559
1.40026
0.962258
0.527648
1.20396
0.0139809
2.09615
0.181492
0.849974
1.07745
0.554422
1.46516
1.97911
3.68516
0.726668
0.201208
0.794233
0.0189677
0.19735
0.972972
1.38633
0.834273
1.11426
1.70721
0.24583
0.398128
0.446073
2.94418
1.47578
0.719781
0.375483
3.38317
2.1943
1.54766
2.19444
0.0643833
1.12663
1.86312
0.889787
0.800762
1.6407
0.217452
0.337496
2.66871
0.337755
0.386445
0.738483
0.28898
0.314137
1.36009
3.16524
0.86813
1.64977
0.184445
0.450008
0.922392
0.414456
0.0196077
2.50733
0.507336
1.21464
0.402832
0.695005
1.35339
0.216889
3.09731
0.256547
0.0315054
0.195573
1.88323
0.923569
1.45412
0.398871
0.470333
0.669134
1.07346
0.0276499
3.49646
0.899813
0.729621
0.878926
0.418324
0.1337
0.65498
0.0337162
0.190502
0.322898
0.606018
0.822675
0.781424
0.858548
0.582094
0.201679
0.38354
1.21284
0.254447
0.0985605
0.987993
0.34047
0.504989
1.5633
2.14535
2.78367
0.78803
0.555853
0.909324
0.263449
0.275705
0.0744495
0.574126
0.858056
0.051799
0.259136
0.0952184
1.24396
1.79061
2.14148
0.369853
0.304688
2.31306
2.38833
1.51805
0.728885
3.46335
0.225557
1.43365
0.856605
0.137207
0.903527
2.80097
1.92387
0.125933
0.625277
2.30941
2.06963
2.7379
1.62274
1.23659
0.155853
0.192885
0.0917402
0.0470692
0.232764
0.673231
0.128087
0.985518
0.878784
0.0511274
0.58382
0.374597
0.0161798
0.120504
0.313115
0.69706
0.400464
0.915747
0.150433
1.49673
0.207703
0.235057
0.855908
2.68824
0.465272
0.11587
1.48436
1.42895
0.0830999
1.4717
0.339345
0.494266
0.777108
0.356287
0.29032
0.718812
0.366729
2.0019
0.274304
0.128263
0.943722
1.21019
0.728863
1.81095
0.707329
0.13504
0.125705
2.17813
0.294512
0.134844
1.59824
0.107957
2.1549
3.08645
0.0485537
0.00914205
0.673236
2.623
0.874023
0.650183
0.107833
2.16244
0.407774
0.082528
0.5291
1.58885
0.280861
0.229332
0.0673754
0.506079
0.0393475
0.295419
0.351661
2.25261
1.01137
0.340286
0.313515
0.352119
0.768572
0.124994
1.09741
0.388337
0.107827
0.0842956
1.40064
1.4033
0.630281
1.17395
0.810885
0.0871679
0.150209
2.33306
0.222471
0.0717954
0.365013
0.63592
0.151573
0.0605034
0.523565
0.088211
0.576947
0.35575
0.496539
0.0142353
2.34383
1.43257
3.39811
0.907
0.766458
0.00759922
0.721012
0.0188348
1.48253
0.129102
0.631442
1.65452
1.19292
0.855827
0.0842558
1.12638
0.102066
3.44261
0.842585
1.74565
0.754012
1.46351
0.789831
0.805232
2.99233
0.566805
0.0666548
0.396118
1.02849
0.833317
0.0921803
0.304009
0.0458097
0.0722715
0.160753
2.36294
0.257121
0.943698
0.787813
1.39733
0.801873
0.178703
1.76488
0.645105
0.101268
0.126231
0.366959
0.231247
0.327479
0.500533
1.56775
0.719476
1.1697
0.740481
0.286029
0.235251
0.0655685
1.68735
0.00897023
0.976528
1.3802
1.39644
1.98896
0.156863
1.37993
3.02582
0.0407932
0.232435
1.57177
0.954298
0.720219
0.846026
2.3303
1.22568
0.398021
2.09458
0.0935501
0.645464
0.181503
1.34654
0.410187
1.41096
1.86838
1.12964
0.932696
0.163653
0.113792
0.462516
0.934222
0.135466
0.166654
0.172626
0.478644
1.41003
3.3494
0.335577
0.00920087
1.36469
0.472428
2.22233
2.31063
0.120163
1.97762
0.962459
0.0363142
2.33653
1.13746
0.118375
0.579102
0.316811
1.34518
2.55963
3.99992
1.66153
1.00668
2.02584
1.51263
1.11735
1.42239
1.27093
0.260171
1.05108
0.421741
0.317636
0.721413
0.855854
0.305562
1.52623
1.65259
3.08879
0.423415
0.268919
4.10957
0.606963
0.0569036
1.57496
0.0814381
0.600584
0.203056
0.60636
0.0131274
0.362936
1.1254
2.0481
1.57313
0.0680161
0.0832061
0.361543
2.07496
3.87483
0.012983
3.17349
0.596535
0.268825
0.412643
1.59703
0.473711
0.0760424
2.27646
0.025195
0.952024
0.404247
0.0753799
1.70981
0.993114
0.172647
0.404522
1.08716
2.45618
0.929392
0.541506
0.530786
1.92257
1.12209
1.30502
1.40684
0.853654
1.60443
1.1768
0.12815
1.10232
0.273834
2.07086
0.97093
1.32644
0.463879
2.93235
0.0843968
0.6037
1.30111
0.618544
0.352115
0.43984
0.0739212
0.0272892
2.02593
1.78045
0.0689881
1.36458
0.566312
0.283978
0.813453
0.874642
3.0777
1.98128
0.521643
0.419246
1.1656
1.19547
1.14338
0.80616
0.0644577
0.42445
0.0550446
0.429997
0.595985
0.357712
0.132418
0.417505
1.14066
0.873669
0.468158
1.30824
0.220702
2.10616
0.124254
0.406392
0.75871
0.0870995
1.36235
0.659348
3.44659
2.21136
0.203667
0.7261
2.66072
0.0769403
0.83054
0.310604
2.53981
0.536958
0.0256997
1.26964
0.9024
0.164295
0.423267
0.0500058
0.375593
1.02413
2.93638
0.741747
1.36265
0.186155
2.80744
2.55259
1.9959
2.03334
0.913666
0.00737894
0.0895825
0.401599
0.124081
0.690876
2.09506
0.333866
0.183593
0.46267
1.08282
0.78159
1.94205
0.248103
0.415429
0.168744
1.04679
0.0263252
0.590916
0.486961
6.1084
0.843926
1.19803
1.51734
0.433524
3.23927
0.0707445
0.672942
0.191169
0.705638
4.86547
0.307697
0.474221
0.0974226
0.0694106
1.47252
0.438086
0.527694
1.0197
0.270896
0.63617
3.08834
1.25007
1.70894
1.33446
0.873403
0.314805
1.54463
0.438313
0.387055
0.884994
1.41817
0.265282
1.12939
1.33633
0.300972
0.599147
0.482805
1.80739
0.100781
0.456098
0.777256
1.11572
0.142716
1.22919
1.29618
0.412779
0.702816
5.40097
1.19005
1.59707
2.30825
0.21112
1.34298
1.89634
0.040231
4.88699
0.149267
0.876649
2.01982
0.029572
0.10591
0.996122
0.0954857
1.31005
0.306237
1.61832
1.83571
0.453395
1.37285
0.0338547
0.400784
0.059849
0.809888
0.0219091
0.0308315
0.0190728
0.113037
0.0838777
0.0444647
0.371475
0.2018
0.221103
3.21215
1.48826
0.746556
0.178727
0.937846
1.77072
1.89264
0.120136
2.00378
0.439455
0.8331
1.09776
0.47032
0.671493
0.117938
1.04279
2.83978
0.689197
0.447895
0.79362
2.73485
1.37776
3.64493
0.982312
1.82241
1.69631
0.481343
1.26453
1.0823
2.43933
1.70777
0.343281
0.0621723
0.927521
1.52695
0.49435
0.668415
0.593971
1.10341
0.457584
0.440509
0.160413
0.0928023
0.74355
0.191321
0.569565
0.5596
0.120688
1.61197
1.14778
0.197062
2.89509
1.45277
0.88382
0.0753176
1.52157
0.0776354
1.18905
0.596652
1.46527
0.925912
0.940676
1.33192
0.64784
0.610033
2.97112
1.0198
0.507288
0.0865295
0.11266
0.504521
0.807045
0.2233
0.356884
0.104059
0.632388
0.483958
1.4354
0.207081
0.474114
0.447835
0.206313
0.289043
2.57403
0.93284
0.0700426
0.650396
0.797094
1.14445
0.640745
1.10968
0.999889
0.159674
0.679901
0.925258
0.735462
2.19361
0.327034
0.799047
1.9751
1.3362
1.15832
0.853505
2.3741
1.17448
0.431431
0.471486
0.382556
0.41705
0.0295722
0.276655
1.44265
2.18344
0.89355
0.423856
0.607937
0.0877888
1.22191
0.231574
0.926594
0.343445
0.579972
0.691715
0.34985
0.711601
0.324628
0.312284
0.0081361
1.14945
3.137
0.969377
0.117139
1.71719
1.34129
0.536688
0.381817
1.15941
1.10098
1.43648
7.59136
0.336845
4.14897
0.277018
0.113966
0.364693
0.765715
1.31002
0.909458
1.16427
1.23754
0.274482
2.26162
3.33295
1.29926
0.0261892
3.88965
0.935712
2.06074
1.15576
1.99032
0.0892302
0.336546
0.906928
0.178206
0.551939
0.0330421
1.5016
0.31401
1.24159
0.28761
0.338366
0.756966
0.190684
0.151655
0.40308
1.1233
0.316056
0.3965
0.127821
4.4809
2.1934
1.05446
1.02624
0.11942
0.533769
1.56109
0.56529
1.24139
1.13422
0.233812
0.147756
2.52775
1.67452
2.70377
0.727593
2.7252
1.06781
0.888662
0.188046
0.0850146
0.0399867
0.156521
1.22238
0.564433
1.82277
0.0971676
1.01677
1.00223
3.27429
0.551274
1.54979
0.0276529
0.443832
0.125839
0.237959
2.96788
1.18065
0.0103376
0.449135
1.72476
1.33594
0.346213
1.36212
0.792206
1.81945
1.25408
0.0358947
0.98678
0.771299
0.234279
1.67851
0.60005
1.39173
0.659311
0.599802
0.827921
0.713882
0.848596
0.798548
0.0842696
0.920841
1.48635
1.82749
1.28503
0.349236
0.453358
1.14355
0.194977
0.463496
0.53551
0.233599
0.48043
2.27856
0.725227
0.29793
0.397613
0.508447
1.38977
0.508032
0.359828
0.694078
0.684129
1.24067
0.365436
1.46655
0.139378
0.00296813
0.515217
1.14453
0.286378
1.53282
0.995212
1.21734
0.0337824
1.05682
0.267602
1.85179
3.07469
0.588827
0.750811
0.196329
0.715368
0.371634
0.816714
0.774451
0.2199
0.164773
1.59327
0.263865
4.38111
0.0987127
0.987241
0.669863
0.45483
1.5684
3.17418
2.01522
3.18851
1.0984
1.35312
0.395456
0.320092
0.277041
0.785308
0.0489918
1.03396
0.655649
0.0848868
0.975148
0.497528
1.79326
0.461526
0.141286
0.276381
0.0691018
2.39311
0.394821
0.468205
5.51808
0.256987
0.0379197
0.0884507
0.175763
1.64691
1.06904
0.0561277
0.0728766
0.828899
1.06966
1.32065
1.46467
1.69683
0.637657
0.823709
1.06441
0.556461
0.474771
1.53062
0.249266
0.0398191
0.438615
1.40007
2.58847
0.218404
0.145251
0.0542894
3.29295
0.914513
0.0838228
1.7652
0.127768
0.644704
0.179561
1.1169
0.179248
1.17809
1.12999
0.953987
1.92232
2.17454
0.813165
0.950428
0.310698
2.04419
0.123889
1.69352
0.0189188
0.639931
1.78136
0.192872
0.418123
1.25001
0.892635
0.355665
2.24621
2.51071
0.0582797
0.0877656
0.717126
0.810603
0.698271
0.455293
0.840331
2.14416
0.753326
3.70216
1.77588
0.068196
1.02208
2.33763
4.27978
0.459349
1.29701
0.325532
1.4793
0.151518
0.713201
0.361444
1.69142
0.309625
0.0962368
1.48961
4.1133
1.57919
0.776225
0.0920034
2.34053
3.27184
0.331616
0.636583
0.116395
0.779275
1.3762
0.389266
0.420886
0.256991
1.40737
1.60857
0.438361
0.122595
0.828176
0.0670066
0.142552
0.696509
4.55101
1.07888
4.2693
0.327783
1.48188
0.442517
0.0290019
0.149205
0.31137
0.377812
0.241749
4.24826
0.00633317
0.861112
0.756677
0.180293
1.37402
1.46202
1.63604
0.18545
1.89604
0.397874
2.75958
1.30416
0.780685
2.25009
0.45173
0.0808043
0.685955
0.70083
0.108936
0.708946
1.28101
0.363703
0.803615
0.227719
2.08686
1.01285
2.8301
0.0810619
0.694688
1.28888
0.608325
0.978204
0.541471
0.248652
1.32947
0.666397
0.581855
0.670929
4.00275
1.8268
0.00180112
0.360841
0.162097
0.126523
0.300721
1.12046
0.790046
0.0703804
0.265202
0.433763
0.239082
0.385957
1.30102
0.417757
0.388961
0.465939
3.44689
0.12476
1.30348
0.216699
0.355235
0.529154
0.069677
3.37039
3.32163
0.0518958
0.456925
0.725005
0.501932
1.42534
3.1214
0.931994
1.14562
1.197
0.228861
1.39932
1.4761
0.370241
3.00797
0.0912753
0.965784
0.553664
1.15113
2.05482
0.0843271
0.0754201
0.0343777
0.686464
0.0578413
1.77762
1.8177
1.35844
0.904905
0.527366
0.107302
0.176173
1.76735
0.305739
0.234425
1.54724
0.146778
0.100403
0.670524
3.9446
1.01101
3.90755
0.154414
1.54104
0.654786
0.210485
2.82728
0.234359
0.630481
1.12201
0.0901732
1.16491
3.04055
0.20127
0.519368
1.12901
0.0367575
0.423154
0.168712
1.18111
0.766079
0.516568
0.246776
2.39423
0.764567
1.53981
0.833508
2.30629
0.999509
0.342488
0.235975
1.06306
1.23606
0.44078
0.722593
0.504278
0.928712
1.37208
1.7153
2.91677
0.0722637
0.136662
1.69499
1.52756
0.524135
0.820179
1.0273
3.52224
0.0792299
4.11464
3.3726
1.98739
4.43442
0.929066
1.4475
1.52325
0.469431
1.82948
0.482801
0.587189
1.1889
0.549438
3.23302
0.17508
0.755567
1.36169
0.435466
0.0729983
1.13768
1.04138
0.125189
1.59378
0.374179
0.3935
0.954907
1.97747
0.20642
1.34938
0.445838
0.496469
0.433351
1.57023
1.19637
0.919699
1.55337
0.716236
0.0180405
0.280877
3.23122
0.691068
2.45345
1.29326
2.12637
4.19168
0.0431419
0.613991
0.0463437
3.76103
0.587092
2.79643
0.33177
0.440585
0.775888
3.59176
0.500185
0.282236
0.133987
1.75002
0.600824
3.39628
2.50357
0.407906
0.140168
0.277283
0.616686
0.0273004
1.20571
0.737151
0.902084
0.416948
1.97524
0.270397
2.51413
0.362861
1.87786
0.129318
0.491461
0.605441
2.37243
0.302706
2.11625
0.182332
4.63293
0.0659151
0.877417
0.358357
0.154465
1.29489
0.67025
0.88536
0.738212
1.96574
0.188956
0.573806
0.238794
1.14449
0.458081
1.72404
0.11819
0.550491
0.021547
0.0664959
0.42938
0.626778
0.523002
0.400779
0.226035
4.60184
1.03283
0.585664
1.24018
2.02669
2.32614
0.509224
0.818398
3.84166
1.71329
0.378034
2.82138
0.464091
3.87764
0.198245
0.86182
1.26514
1.0069
1.95027
1.25662
0.741631
1.05733
0.865397
0.598611
1.37501
0.640729
0.527838
0.280731
0.0716601
2.48156
1.16166
1.72752
0.272548
0.17764
0.675056
0.0909874
0.0735292
0.0406792
0.304873
0.400799
4.78577
1.76639
0.720659
0.271261
3.2033
1.14393
0.201648
0.419021
0.54718
0.056406
0.00239606
0.247455
0.198584
0.846085
1.2288
0.406615
4.30595
1.11047
0.110227
2.00485
2.62125
0.40339
2.81533
1.0412
0.912157
2.47368
1.33233
1.02454
0.389862
0.747599
2.53904
2.01637
1.22222
1.69101
1.66687
1.14534
0.409465
0.223255
0.588262
1.36049
3.32624
0.527698
1.0881
0.29646
1.33227
0.096353
2.1758
0.578197
1.15837
2.91642
0.0139471
0.0757323
0.56706
0.281363
0.0930035
3.06102
0.904125
0.379637
0.990185
1.37387
1.13759
0.0153368
1.14999
1.67289
1.77172
2.08171
0.173392
1.83947
1.62197
0.536165
0.121695
0.793432
0.90512
0.373282
0.908861
0.170885
0.457761
0.478443
0.0843768
0.106123
0.505042
0.635297
0.268489
0.554378
2.24628e-05
1.90068
0.132071
0.109365
0.473811
3.12327
0.0978745
0.212981
0.61737
0.863461
1.10912
3.81962
2.93526
2.67351
0.433085
0.75412
5.46694
0.317649
3.68149
3.62967
0.876468
1.74086
0.756747
0.278392
0.690954
0.0687119
0.112444
1.01677
0.688239
1.0398
2.00509
0.560502
0.834391
0.480036
0.491968
1.48184
1.0841
0.30185
0.985702
1.11735
0.170455
5.81781
0.759605
1.0713
1.02241
0.40432
0.00810649
1.33264
0.301758
0.9528
0.0847969
0.328556
0.901565
1.21317
0.906934
0.47177
1.22853
0.364425
1.39195
0.522751
2.1772
1.09462
0.593602
2.21552
0.0867704
0.0890932
1.37355
1.04781
1.58801
0.0534178
0.388327
0.155906
0.856731
0.416273
0.254025
0.18107
5.25188
0.127678
1.34223
0.167193
0.720071
0.0525705
1.22814
0.405165
1.15554
0.036154
0.216601
1.94067
0.451745
0.982038
0.60506
0.860818
0.768323
0.255876
0.108777
0.470573
0.00584637
1.34404
0.804578
0.95372
2.76011
0.0313634
1.72327
0.0177691
0.263938
1.79273
1.79926
0.932821
0.617734
2.99971
0.66635
0.372249
0.914754
2.0248
0.894893
0.159153
2.55475
0.372451
0.345309
1.11553
0.019277
0.832993
0.759561
1.01585
2.49284
0.543778
0.410823
1.42887
1.45642
1.21076
0.557917
0.509122
0.430804
0.186228
0.228626
0.237865
3.94609
0.0134722
0.629381
2.01177
0.0913609
1.17081
0.0514929
0.360205
0.152264
3.62738
0.677095
0.517152
0.937132
2.22387
0.153214
0.107845
0.763945
0.105873
3.50748
0.994104
0.343674
1.5111
0.74866
2.26482
0.285007
0.707732
1.83361
1.24682
1.72661
0.0227483
1.5991
0.0576556
2.20018
0.193711
0.198864
1.78787
0.128989
1.10794
1.55093
0.135185
2.11537
2.17898
0.0449735
2.94688
0.140002
2.36216
0.582052
1.10349
2.94661
1.96041
1.41936
0.109098
2.00723
0.677644
0.0957432
0.453533
0.27603
5.21924
0.677232
1.93098
0.213631
2.89845
2.55816
0.0454962
0.438347
0.117921
3.90906
1.84711
3.63577
0.928408
0.690788
0.96198
0.70452
1.4448
2.55647
0.297362
0.556869
0.798426
2.42758
0.581096
0.0930067
0.135403
1.55286
1.62128
1.73785
1.49284
0.407997
0.417675
2.33906
3.94332
0.708121
1.60875
0.00135825
0.264934
0.83216
0.581599
0.621835
0.134758
2.00962
0.435492
0.811411
0.195865
0.664003
4.32013
4.43662
0.622095
0.369898
2.25265
0.0691711
1.65685
0.378037
1.18597
2.71147
1.01785
0.362183
0.0797114
0.24172
0.539596
3.79762
0.818168
0.227202
0.631698
0.559355
1.41357
0.296684
0.188128
3.95785
1.33497
0.885938
0.44446
2.73463
1.85752
3.82364
0.338734
1.58278
3.13868
0.492697
1.04235
1.09472
2.66385
3.01421
0.888958
2.2408
2.49587
1.20218
0.179629
2.33715
0.0193544
1.24467
0.657486
0.445058
0.462143
0.443167
0.503905
0.013841
0.234817
0.379633
0.000937334
0.259582
3.20194
0.267023
0.479408
0.77088
2.83419
0.967806
3.19267
1.02425
0.704378
0.190958
2.65307
1.64946
0.41993
0.988184
0.302546
0.282514
0.186182
1.15684
2.10707
0.106065
0.401701
0.27871
0.1972
0.396423
2.47951
0.309353
2.5808
1.85247
0.562489
2.17334
1.57909
0.996178
1.78494
0.133719
0.0920231
0.669195
1.47476
0.832493
2.54739
0.00584183
0.232484
0.0136235
0.0555358
0.343598
0.510174
0.257751
0.981835
0.986334
1.58456
1.91817
0.735991
0.575931
2.42105
0.659998
2.2567
1.62052
0.49968
2.64522
0.307298
1.29498
0.639724
0.153351
0.285775
0.182122
1.54894
0.746547
2.12529
0.404344
0.77484
0.516578
1.8828
0.543565
0.193405
0.0816427
0.125419
0.0961648
0.00973101
0.011483
0.333719
1.14002
0.658639
0.16175
0.42826
0.167682
0.193806
0.241858
0.498257
0.0234462
0.547897
2.01551
0.0442393
2.46738
1.01537
3.21605
0.503944
1.57937
1.76707
1.69215
0.143519
1.10713
0.409457
0.515308
0.296582
2.53151
0.939617
1.73872
1.7811
0.92173
0.0575367
0.782466
0.560446
0.915896
1.14661
0.849652
2.05297
0.527806
0.107911
0.817756
0.183376
0.641462
0.729592
0.744324
0.232774
0.132757
0.544663
0.312873
0.247898
1.20693
0.284718
0.354632
3.09418
0.742456
0.185802
0.0452721
0.0863207
0.219927
2.77076
0.315857
1.70524
2.56996
1.21201
0.632925
0.0491464
1.28134
0.463023
3.88747
0.485727
0.065124
5.84989
0.0699613
3.85024
0.664665
1.09454
1.1222
0.634318
0.433034
2.62335
0.733588
0.212605
0.666997
0.207521
0.296195
0.263069
1.51162
0.25427
2.63327
2.3848
2.38002
0.843598
1.48002
3.04978
0.628372
1.13615
2.60164
0.771861
0.791901
0.182839
1.01163
0.330589
0.00211364
5.71668
1.1739
0.763328
0.745949
4.58417
1.62408
0.341265
0.705585
1.51379
0.31845
1.27473
0.318801
0.0657865
0.282369
3.44687
1.08317
0.426866
0.0453793
1.94932
0.194086
0.281761
0.328945
1.34017
1.94484
0.780782
0.813183
1.3383
0.207053
1.6288
0.712642
0.176477
0.0348972
0.341578
0.924855
0.421734
0.172653
0.764653
0.690589
0.503586
1.8441
0.659653
2.28228
0.723793
1.36193
1.79243
1.01305
2.43419
0.326027
1.42322
0.530419
0.175625
0.325806
4.15253
0.10352
1.28816
0.156102
2.4296
0.16077
0.467084
0.287279
2.91718
0.358044
1.29735
0.39552
0.0682362
2.33949
1.35015
1.1748
0.147565
1.75432
1.89774
0.213731
0.326663
0.5069
1.97219
0.124025
0.12347
0.49652
0.631515
0.241134
4.93919
0.0871012
0.470687
0.679162
1.02035
0.138592
3.25351
0.381602
1.16325
2.18357
2.47192
0.158666
0.451657
0.252767
0.621876
0.515862
0.219416
0.195587
0.0589004
0.686284
0.525718
1.19644
1.03504
0.0143283
0.640612
0.420219
1.66768
0.0426553
0.18223
0.091251
2.31499
0.19818
0.0621466
0.735844
0.320689
0.159197
0.0544913
0.954909
0.686208
0.128344
0.269432
0.25892
1.93172
1.79517
0.607171
0.733875
0.123593
1.18791
1.01075
2.67636
3.63524
0.0178988
1.68246
0.256712
1.85033
0.263872
0.27419
2.65226
0.347045
0.566006
1.2018
0.20146
1.77626
1.25218
1.84874
0.405539
0.511389
1.77509
1.66466
0.457773
2.37193
0.198916
0.823836
0.483697
0.490953
3.9475
0.131835
1.29008
3.05981
1.04677
0.797973
2.19252
0.0273563
0.598495
1.91561
0.0903596
0.296332
2.20436
2.31294
0.160045
0.134344
0.252372
0.831842
0.738562
0.0119573
2.88644
1.23495
0.487302
0.330218
1.58316
0.917532
0.67625
2.05538
0.566308
0.590182
0.561216
0.72908
0.842514
0.001763
1.09536
1.67695
0.486155
0.191853
0.171742
0.334526
0.11183
0.420866
1.92307
1.09262
0.933091
1.15186
0.0771268
3.07044
0.0622369
0.323544
0.091759
0.522056
0.506921
0.450096
0.318815
0.372195
0.756589
0.187704
0.923766
1.54827
1.92363
0.85041
0.0283977
0.844641
2.57547
0.0323648
0.234846
2.97185
2.45551
0.510633
0.309094
0.198902
0.604542
1.65423
0.422542
0.842967
1.81664
3.09399
0.322609
0.0995584
2.52491
0.494822
4.3891
0.785351
2.04268
2.40065
0.17718
0.347068
0.748095
2.2376
0.765525
0.534757
0.697664
0.973047
1.456
0.132375
0.184427
0.501717
1.3831
1.06645
2.3801
0.0809864
0.0589188
0.732326
1.85819
3.24487
2.87352
0.677463
2.76275
2.63532
0.407126
0.358868
1.06659
1.32971
1.17615
0.18482
0.429135
0.173576
0.00217176
1.05578
0.22896
2.54582
0.7731
0.843507
1.94308
0.421327
0.124135
0.434317
0.122922
1.56384
0.570005
1.17404
0.0210998
0.0612603
0.620345
1.02162
2.40082
0.344128
2.59686
1.64306
0.0304454
1.93518
0.66897
0.573012
0.650526
0.685208
0.704543
0.198215
4.42927
0.161418
0.103209
0.360521
0.037852
3.18492
3.69467
1.94543
0.62718
0.937508
0.00572124
1.52187
0.878826
0.0773341
0.153202
0.654216
1.49135
3.16507
0.141671
1.37311
1.03855
1.41852
1.46703
0.121764
1.1588
1.15933
0.488552
0.0623306
0.448498
0.156955
0.343198
1.94904
0.153219
2.23873
0.0581733
0.20974
1.85855
0.968242
0.696831
0.566563
2.29416
0.567338
0.0104747
0.622147
0.161048
0.271261
0.211249
0.122719
4.48365
1.01406
2.82341
0.51405
0.193298
0.865591
0.622674
0.171564
0.507863
0.234382
3.49847
2.79856
0.479823
0.262338
0.546414
0.478265
0.600291
0.451473
0.100246
0.664328
0.312878
0.515285
1.37514
1.68018
0.0031817
4.17513
0.180246
0.816411
0.374274
1.36978
1.58909
0.151445
1.46419
0.561304
0.436143
0.204505
0.206401
0.133217
1.62716
0.313198
2.01272
1.10026
0.611308
0.612025
3.99958
0.0113789
4.47724
0.990326
4.12128
1.17125
1.27916
0.615264
0.567568
0.288889
0.655576
1.29217
0.621838
0.821121
0.488576
0.411016
0.125505
0.256692
0.315714
0.134155
0.0539181
0.0793031
1.09282
0.720457
0.0545393
2.4131
1.14787
0.453041
0.0903915
1.91714
0.614604
3.08739
0.189903
2.90939
0.282403
0.330362
0.562809
0.90618
1.49958
0.00338942
1.48862
1.30538
0.32103
4.21084
1.10259
0.780421
0.731053
0.903682
0.203111
0.707752
3.31824
0.0318406
1.22624
0.507545
0.105621
0.993658
1.01514
1.18565
0.468503
0.639587
0.278414
1.12617
0.225216
3.35987
1.06942
0.032065
0.347166
0.220643
0.440079
0.0534199
1.8845
1.74541
0.0608678
1.56704
1.06629
0.558824
2.13616
0.401891
4.72837
0.649528
0.185184
0.00801882
2.86613
0.449915
0.198168
1.17211
1.55342
1.38949
1.46811
1.12167
1.63451
1.62825
0.523264
0.234101
2.05524
0.485744
2.14746
7.03339
0.00702114
0.0959536
0.702111
0.17646
0.0502011
0.367785
0.864544
0.170273
1.39676
2.03999
1.26734
0.296624
0.103103
1.28987
1.10973
0.658069
0.545996
0.114896
1.23887
1.86684
0.912614
0.481636
0.52009
1.54192
1.73514
0.443309
0.0408545
0.237727
0.0817884
0.774935
0.0370757
0.434273
0.236894
0.67313
0.172551
0.317118
0.180206
0.0276634
0.742685
0.330852
0.56649
0.116515
2.53684
0.619954
2.21867
0.392233
0.793217
0.117854
2.52549
0.647926
0.0925328
0.22502
1.86544
1.59339
0.631609
0.110914
0.612752
0.075355
0.353235
0.138735
0.561549
0.19256
2.99936
0.306906
0.0936668
4.34426
0.80827
0.369209
0.183226
2.83331
0.775586
2.79322
2.67929
3.59681
0.591985
1.45444
1.18239
0.879012
1.1374
2.99349
0.203859
0.52961
3.61604
0.125528
1.97501
1.12815
0.456229
0.427143
0.183195
0.708007
0.156671
0.842063
0.25962
0.447596
3.06625
0.391445
1.84887
1.52423
0.432712
0.420415
0.0997344
0.26913
0.610165
0.498912
3.74022
0.491233
1.94469
0.703011
0.256488
0.959469
0.159958
1.28577
1.76877
2.31827
1.44411
0.324711
0.574688
2.50844
0.213916
0.645162
0.0880968
0.0737096
0.31746
0.28871
0.337414
0.360762
1.03518
0.143012
0.876809
0.711515
0.168518
0.477861
0.357855
1.83839
0.233948
0.199863
0.509587
0.718813
0.00971201
0.420572
0.440962
0.26572
1.9231
3.75226
1.33141
0.0863922
0.0279559
1.24992
0.136341
0.934032
0.923067
0.510883
0.289498
1.53719
1.68345
0.574789
1.90483
0.0790949
0.910909
1.41497
0.65359
0.436139
0.102388
0.468674
0.0713369
0.930491
2.55756
0.682456
0.280153
2.17931
0.0607609
0.0736047
0.616516
0.301633
0.823917
0.849569
0.205497
0.129541
0.649944
0.837868
0.553453
0.157448
0.46739
1.56149
1.88373
0.883855
2.1159
1.82822
1.06578
0.311669
5.24088
0.0241045
0.141348
0.616546
0.631645
0.645672
0.905128
0.152394
0.2148
0.174421
0.455459
1.00503
1.41926
0.46047
0.514036
0.306796
0.464016
0.789095
1.34813
2.23409
0.719285
0.839439
1.61893
0.815415
1.02194
3.91156
0.52852
0.189551
2.10275
6.27019
0.0840039
0.768327
0.211548
1.13372
0.223522
0.99208
0.519534
0.689515
0.415163
0.395389
0.767787
0.254246
0.732884
1.19293
0.0699544
0.811876
0.143473
1.17495
0.98326
0.364501
1.96651
0.590752
0.362731
0.275896
0.961066
2.94132
1.68654
3.86276
0.0451761
0.476407
1.07188
0.154559
0.574482
0.086308
0.232749
0.486262
0.316131
0.357407
1.00774
0.956928
1.34672
0.647688
0.0182017
0.151912
2.90619
0.120282
0.0699635
0.370318
2.3975
0.548691
0.277247
0.210232
0.311242
0.299306
0.584584
1.85414
2.24773
0.136331
0.202271
0.876053
0.986419
0.108651
0.588419
0.750758
0.452293
0.0388605
0.17152
0.880583
3.31058
1.76259
0.31677
0.338025
0.353222
0.195787
0.0743828
0.810987
0.585331
0.404982
0.19303
0.453732
0.122998
1.35341
0.643724
0.464993
0.0525123
0.32912
0.14822
0.0247008
3.23034
0.527614
0.199725
0.891871
0.00681813
1.43627
0.886764
0.276215
0.421568
1.44161
0.90563
0.227367
0.330731
0.0455216
1.10254
0.514071
0.0294479
1.53276
0.664442
1.19313
2.80642
0.843246
1.10287
0.210135
1.28924
1.2688
0.115524
0.12727
0.719169
1.45281
3.58683
0.240744
3.19986
0.82154
0.433589
0.116034
0.209094
0.347359
0.114183
0.685049
0.411243
0.0664082
1.62457
0.229189
0.231239
0.116627
0.390811
1.08392
0.333352
0.867213
0.857246
0.454406
0.794855
0.217528
0.708693
1.00975
0.439925
0.00563393
0.0882549
0.515794
1.41139
2.27218
0.237649
1.33514
0.256886
2.47895
4.02421
4.11413
0.727227
1.17262
0.0524781
0.49921
0.754998
0.384565
6.86248
0.00812244
0.758072
1.07099
1.86209
0.196867
2.64294
0.930464
0.771556
0.746965
0.129512
0.189994
0.64299
0.837792
3.31775
0.0476374
0.788742
1.94484
0.0181429
0.212813
1.09898
1.06088
0.765431
1.11213
0.541325
0.360592
1.87426
0.0840907
1.04729
0.178827
0.227044
0.740354
0.660822
1.36898
2.8033
0.248085
3.2621
0.366331
2.34772
0.159677
3.75769
0.69936
0.34753
0.74816
0.91894
0.626327
0.146287
1.21577
0.393028
0.0978798
1.35226
1.22608
0.121352
0.399025
0.229021
0.387047
0.0625997
0.0252942
1.23844
0.417383
0.330644
2.18384
1.25802
0.278172
1.23532
0.4741
0.388658
3.02361
0.914684
1.19369
0.151839
2.22469
0.962201
1.47973
0.0181575
1.92013
2.4712
0.00919505
0.0132029
0.349289
1.92885
0.453543
0.496469
0.0242421
0.312086
1.28791
0.0867391
0.321252
0.0425777
1.19514
0.641878
0.29302
0.280276
1.15695
0.934965
0.671653
0.331729
1.06893
0.417814
1.00973
0.00245039
0.867318
1.88058
1.35752
0.219988
0.446339
0.904446
2.05183
0.663213
1.00377
1.72876
0.0488019
0.708196
0.870031
0.0125894
0.0311123
0.368372
0.54346
0.493445
0.995047
0.862985
0.325719
0.666635
0.222427
0.390028
0.499944
1.69467
0.694609
2.24604
2.89819
0.266843
4.0571
2.47764
0.321715
0.182107
0.362659
0.758246
1.83599
0.215007
0.00993994
1.45206
0.0659888
0.0322218
3.35615
0.45887
1.12965
0.752727
0.663144
3.29176
0.446176
0.559682
0.119785
0.0072229
0.0622359
0.252639
0.493966
0.185144
1.22895
0.0160913
0.586118
0.20127
2.13495
1.94251
0.243154
1.71761
2.60149
0.21631
0.0271164
1.45376
2.74731
1.97548
0.036057
0.301785
1.75325
0.125177
0.113539
0.568387
0.399928
1.54199
0.465328
0.157989
0.402078
0.187107
0.196927
0.694884
1.19924
0.539783
1.02528
0.660314
1.65667
0.0701924
0.0237876
0.735568
2.34144
3.63971
2.94788
0.249649
0.619516
0.464354
0.0175042
1.64666
1.26352
0.0333189
1.2714
0.643322
1.33783
3.0673
0.337038
0.28032
0.0313313
0.408122
0.0523284
0.162302
0.171202
1.19909
0.331585
0.615681
0.407737
0.206404
1.15609
0.0023178
0.628957
0.896161
0.0139581
1.34907
0.957191
1.55585
0.421549
4.77875
1.5488
0.269621
0.720909
2.63272
0.524591
0.743159
0.785752
0.201004
0.453014
1.67325
0.191555
2.88536
0.70891
3.20514
0.206984
0.493987
0.994498
0.739178
0.366857
0.884087
1.75976
0.165852
0.0186909
0.342205
0.946002
1.06236
1.19069
1.51131
0.0147257
1.26273
0.864695
1.49118
0.220119
0.799347
0.0229015
0.819024
1.55297
0.0248501
0.591518
5.31172
0.631725
4.50886
1.76526
1.46588
0.687912
2.86826
0.64592
1.23004
0.175311
1.43442
0.1768
1.02594
0.0871376
0.801086
0.346079
0.405093
0.498607
0.849257
0.241707
0.303354
0.824231
0.50872
0.858508
0.570931
0.0187293
1.54823
0.13087
0.295569
0.223638
0.0779083
0.922902
0.26917
0.547595
0.0383162
0.988558
3.44957
2.04807
0.0856194
0.16968
0.257172
0.175829
0.214901
0.776748
2.05503
0.665221
0.404507
0.277186
2.88243
1.22508
1.80407
1.88058
0.00755784
0.116447
3.1519
0.0434888
0.835275
0.64854
4.7234
2.66378
1.87749
0.17076
0.786085
0.288782
0.124066
0.917664
0.987869
0.97316
0.164944
0.118411
0.573149
0.371653
1.43765
0.162536
0.184436
1.8457
0.137341
0.564896
0.300564
0.165483
3.33808
0.228375
0.157078
0.207927
0.638675
1.1479
0.688889
1.5493
0.0577912
1.58666
7.4587e-05
0.262354
1.43554
0.799044
0.902641
0.80596
0.249954
1.4099
0.0166165
0.356789
0.0743376
0.153147
1.74738
3.12906
1.55244
0.881444
0.502768
0.306923
1.0661
3.33041
4.82506
2.01274
0.324279
1.4976
0.848974
0.277188
0.120709
0.106
1.89084
0.407113
1.21467
0.71678
0.040065
0.318055
0.773365
0.620688
0.148513
0.688239
0.347177
0.445972
0.15004
1.45913
1.75517
0.701715
0.0700855
2.59347
3.10424
0.557112
0.890274
0.0513915
0.833641
0.715142
0.182736
0.398971
0.965482
0.716053
1.75646
0.58326
1.18163
0.622223
0.789236
1.70694
2.19994
0.0296641
1.13731
0.2558
0.712491
0.863153
1.55507
1.80782
0.39932
2.65379
0.380198
0.417035
0.705111
2.22359
3.11755
0.759258
0.182516
0.542341
4.90446
2.36074
4.45077
1.27406
0.635548
1.11808
0.22841
0.142733
1.06415
0.841121
0.695569
0.656833
0.0569815
0.19386
0.365932
0.495066
0.177499
0.364698
1.10908
0.22112
0.36321
0.0679142
3.65692
0.396474
0.859463
0.809745
0.288765
0.0323983
4.01971
0.0321905
0.234537
0.109683
1.41016
0.866766
2.35069
0.515062
1.20273
1.84881
0.15598
2.45171
0.414536
0.901091
0.726047
1.08177
0.281227
0.971295
1.34533
0.32606
0.101927
0.817847
1.28634
1.93543
0.736382
0.590906
0.254222
0.0370028
0.917
0.87711
1.41585
2.53188
1.61474
2.0166
2.71447
0.832479
0.214298
0.934842
1.06971
0.844155
1.7157
1.40752
1.14228
0.0668675
0.400623
0.565233
0.677192
0.411886
0.0970919
0.53158
2.32092
0.279058
0.724918
0.376343
0.368836
0.757563
1.51275
0.0588183
0.568686
0.535503
0.323728
0.0809114
0.22451
0.52468
0.572114
1.21543
6.13971
2.19467
2.28702
0.245982
0.150537
0.869115
0.0130001
0.00470586
0.244661
0.919121
4.16256
0.936459
3.68163
0.83071
1.01421
2.37189
0.395311
0.173939
0.365279
0.35206
0.51574
0.641485
1.86696
2.24835
0.978253
2.58198
2.11886
0.529308
0.904246
0.148745
0.255544
0.294558
0.170517
0.443432
1.32843
0.523438
1.11279
0.480675
1.25374
0.106657
0.170692
1.16023
0.556168
1.83718
0.288137
1.89397
0.193563
2.36644
0.37506
2.33648
0.00378796
0.528306
2.42705
0.963086
0.383988
0.00580587
0.107275
0.412766
1.98571
0.426907
0.858543
1.80201
0.728622
2.28268
0.119608
0.467508
1.161
0.190793
0.783926
1.93586
1.04923
0.289766
0.795413
0.600933
0.743343
0.769418
0.248374
1.3765
1.19839
0.342322
2.60227
0.303634
3.11401
0.193885
0.562898
0.942414
0.775118
1.09418
0.474571
2.54966
0.309531
0.125011
0.970945
2.91597
0.103369
0.0757702
2.49546
0.100883
0.866506
2.4882
0.28923
0.312685
1.93637
1.1346
0.758919
0.34316
4.09915
0.224366
0.231975
0.356145
0.835118
2.76206
0.0544058
0.0695967
1.88475
1.84805
0.211842
0.556012
3.93553
0.882927
0.499784
0.901273
1.3748
2.40749
1.18278
1.00131
0.461068
0.650524
2.66252
1.72252
1.1068
0.00412219
0.516434
1.7018
1.20005
0.650412
0.892904
1.00214
0.814628
1.43048
1.181
0.396699
0.56993
2.77582
0.718312
0.813207
0.928609
0.168163
0.205122
0.918303
0.148311
0.193335
0.0500693
0.0632851
0.251835
1.50579
0.383305
0.123288
0.30701
0.0514921
0.399425
0.0814931
0.102503
0.686781
0.373166
0.332828
2.14774
0.0181406
0.941807
0.215911
0.472022
1.62822
4.06447
0.862201
0.534696
0.100218
0.247095
3.20163
1.04911
1.56947
0.637356
0.0518076
2.39794
1.73559
0.0400334
2.68838
0.141723
3.21738
0.0926367
0.463564
2.38112
1.32339
0.198055
0.604097
0.238745
0.0445893
0.299483
1.51209
0.602232
2.05786
1.34355
1.20564
0.499312
1.30753
1.61016
1.26798
0.649892
1.25419
0.515023
0.372237
0.772043
0.624391
1.06289
0.701419
0.627341
0.268504
4.95198
1.62993
0.38005
0.945963
0.914102
0.190879
0.016052
0.0425234
0.0559163
0.155446
1.42694
2.75592
0.59683
0.941463
1.52285
0.353649
0.0576546
0.0957347
2.89303
1.69459
1.67377
0.207253
0.113473
1.1437
2.14222
0.678464
3.08217
1.13566
0.806693
0.757158
0.96421
1.61519
2.47288
0.402263
0.718581
3.13504
1.67681
0.69432
0.0434602
0.515043
0.236772
0.26875
2.80592
0.401951
1.01222
0.249512
0.832473
0.285521
0.0413098
0.220947
0.56603
0.224205
0.0895696
2.20119
0.20165
1.77
0.505394
0.691465
0.0810307
0.179411
0.0439335
0.189032
1.116
0.00433813
2.79956
0.3079
0.634424
1.87294
1.92938
0.325323
0.0643742
0.354764
0.388398
1.23143
0.397744
0.997159
0.563448
0.299914
1.56216
2.62452
1.8906
2.30914
0.126191
1.48068
0.631946
1.38775
0.122078
0.914974
4.126
2.67699
0.379378
3.33708
0.0785859
0.190349
1.49552
2.04144
0.469119
0.641844
1.13142
1.3405
0.267808
0.66024
0.511257
0.213412
1.43312
0.181967
1.1132
0.037997
0.339191
1.31143
1.24268
2.13467
0.504088
1.41682
0.0424515
4.00733
2.36662
0.12522
0.248312
4.02809
0.548907
1.25801
0.513141
0.214635
2.17186
1.70558
1.43713
0.602018
0.0722966
2.76883
1.25205
0.0887661
0.701448
0.917777
0.00123862
0.275286
0.588894
0.355307
0.781225
0.300418
0.193228
0.300589
1.65493
0.998348
0.272448
0.123378
0.0470209
0.826977
1.15482
0.0149945
0.406782
1.40988
1.28413
0.0538696
1.98222
0.604547
0.466506
0.455093
0.659485
0.444692
0.0760045
1.2715
0.23833
0.14933
0.41002
0.549935
0.782431
1.61774
0.254659
0.0652302
2.00377
0.500083
2.56777
0.599626
1.36523
1.84668
0.310438
1.19385
2.68141
0.184699
0.927161
0.284067
1.12104
0.00912653
1.12779
0.883245
1.92043
2.55912
1.07972
0.0889486
0.997212
0.382958
0.916652
2.48473
0.579042
0.186709
0.0433292
0.236151
0.341214
1.29624
1.82749
0.904825
0.371936
3.26637
0.281914
0.434923
0.368359
0.0342206
0.221897
1.06678
1.26981
2.57491
0.0848298
0.445164
2.74396
3.09102
0.605025
1.65432
0.445176
0.102781
1.8366
2.27508
0.0630133
1.52178
0.364214
0.871365
0.693115
0.106746
0.718845
0.219206
1.16658
0.584498
0.54033
1.89725
0.80598
0.126037
0.600612
0.0209237
0.438092
1.76375
2.11872
0.130101
0.0337389
2.18048
0.201483
0.585287
1.0169
0.0313795
0.310372
1.14321
1.43315
0.234877
2.25452
0.949772
0.908268
0.840543
1.96016
0.98451
0.160552
0.799351
0.8914
0.599336
1.24476
1.74806
0.774063
3.3053
0.511168
0.0175496
1.76821
0.20479
1.33474
1.35057
0.486735
0.238999
0.921386
0.562805
0.883283
1.60403
1.23449
0.348448
0.0786268
0.673621
1.49036
0.352137
1.58559
1.50092
0.406364
0.792174
1.77139
1.20277
0.254755
0.348972
2.05108
0.0896103
2.71784
1.97285
1.8741
0.422417
1.53261
0.424873
1.24965
0.0183295
0.256524
0.697413
2.68223
0.743532
2.07992
0.75991
0.647769
0.592797
0.371354
0.103554
0.441975
2.595
1.38526
2.95624
1.53065
0.115855
0.56915
0.441303
2.03269
0.0425171
1.22458
0.154825
2.83064
1.73032
0.440499
0.0957179
0.243032
0.680333
0.981216
0.022404
0.260391
0.00294587
0.562187
2.62395
0.88601
0.108042
1.41522
4.12544
0.45021
0.676926
2.39383
0.0665613
2.59959
0.487652
0.420151
1.21514
1.79981
0.803163
0.528256
0.183983
0.226057
0.378775
0.46616
0.258693
0.0314184
2.35737
3.6197
1.95343
0.649148
0.787243
0.820803
0.0555699
1.27054
2.3532
1.19417
0.386889
1.58167
2.14257
0.616612
0.712905
1.777
0.408128
0.885802
0.413979
1.64842
0.718865
0.807842
0.132425
0.348826
2.46832
2.37284
0.658154
0.554102
0.534725
0.099035
1.21534
0.1198
0.453502
0.0826562
0.398768
1.19105
0.773356
0.769014
0.836362
1.88253
1.85878
0.0179736
0.542491
1.15994
0.95444
0.639211
1.62606
0.258664
1.36482
0.915904
0.153225
0.18947
2.94038
0.139315
0.742465
1.2069
0.134037
3.43787
3.50225
0.925737
0.283221
1.32035
2.01165
0.543725
1.01346
0.384719
0.375713
0.0018372
0.539662
0.325591
4.64564
0.486795
0.633231
2.47841
2.0665
0.249416
0.300937
1.03049
0.64425
0.314196
1.47401
0.179421
0.924751
0.382549
0.381354
0.41022
0.456308
1.52763
0.0782588
1.61893
0.428743
1.13203
0.687122
1.08391
1.1552
0.501519
0.762042
0.654258
2.04237
3.83098
1.38433
0.946375
0.534342
1.12033
0.264796
0.404748
0.321639
0.113966
1.9867
0.490743
2.4725
0.873114
0.730083
0.700543
2.1905
1.23168
0.595128
0.102075
0.390344
1.02264
0.0779387
0.0363746
0.356436
0.188188
0.450559
2.32165
1.36789
0.0764476
0.817947
0.025401
1.21517
0.927179
0.200651
1.10395
0.107674
1.46875
1.46407
0.697201
1.2484
0.795878
2.35574
0.00676037
0.0764813
0.190181
1.44392
0.133977
0.946323
0.072559
1.63252
0.690676
0.000155924
0.107834
2.35612
0.619809
0.551601
0.233916
0.31311
2.09424
0.939323
2.25203
0.880009
0.462418
0.421803
1.38857
0.950923
2.89043
0.19446
0.313146
0.464199
1.70927
2.08834
1.50441
0.140668
0.131711
0.1575
1.77146
0.56867
0.420795
0.785138
0.777336
0.163128
1.09497
0.392932
0.30899
0.637836
0.326038
0.269082
1.76723
0.816903
1.52904
0.88526
2.77423
2.08242
2.33588
0.13494
0.262514
0.107496
0.268002
0.620622
1.65514
0.855397
1.20712
1.17684
0.522996
1.91302
0.273313
0.201288
0.598991
2.57596
0.0446295
0.918386
2.04666
0.589981
6.1484
0.914824
0.241848
0.0625103
1.7077
0.22136
0.954269
0.173067
0.866194
2.62894
0.898498
0.610771
1.36286
2.94517
0.524859
0.675374
0.567274
0.684525
0.292239
1.80572
0.578689
0.702443
0.865218
1.2999
0.519201
0.933237
0.361143
0.326676
1.17153
0.136614
1.15709
3.26052
1.51975
0.243808
2.49398
0.219955
1.50449
1.58889
0.958441
0.258708
0.893717
0.537614
1.08409
1.90075
0.284734
1.72096
0.440051
1.46647
0.215565
1.19974
0.807461
0.379015
0.0460045
1.58003
2.53087
0.0199524
0.0109477
1.04518
0.240606
0.244744
0.854777
0.633887
1.58311
0.987025
0.174273
0.0407017
0.362278
0.110925
2.60689
1.03472
0.884497
1.47607
1.31985
0.494149
2.16449
0.158559
0.287685
0.244558
0.848862
0.164961
0.636139
1.26196
0.347227
1.45497
0.088339
0.562855
0.362543
0.401484
1.17725
1.17195
1.16059
0.0124005
0.367903
1.77775
0.824498
0.917127
0.652625
0.597982
0.742656
1.44648
0.38356
1.03862
0.733176
0.276658
0.431408
0.187455
2.31859
0.573791
0.0556327
0.211116
0.288173
2.2244
2.4411
2.53005
2.37703
0.73022
0.713859
0.636764
0.533317
1.65949
0.433413
0.755481
3.02343
0.251379
0.804333
0.555057
0.394072
0.0672809
5.26172
0.0530964
0.48549
0.86368
5.12781
0.192609
0.672205
0.116897
1.12567
2.36207
1.00976
0.900648
0.175388
0.358093
0.11056
1.68354
0.145279
0.0722931
0.882444
0.83114
0.655529
0.681989
0.118349
1.84201
0.36167
0.813285
2.8377
0.317168
9.18454
2.46826
2.1171
0.297403
2.95815
0.0480877
3.35548
1.0027
0.184931
0.372056
1.61483
0.542244
2.31661
1.74122
0.123632
0.52079
1.34751
0.386902
1.38021
0.870074
1.9079
0.157913
1.95136
1.40303
0.192683
0.643103
0.959589
0.233868
0.749811
1.8179
0.225882
2.17561
0.882697
0.144003
0.000680612
1.25583
0.0105686
0.317697
0.536683
0.833681
2.53194
0.10842
0.580213
0.361822
2.06825
2.44105
1.28692
0.0628476
1.86251
1.3116
0.991612
1.1381
2.10205
0.422308
1.88103
0.0854936
0.912272
0.213825
0.655942
1.31498
0.0476089
0.133638
1.302
0.474693
3.08792
0.114687
0.0382956
1.41584
0.0984685
2.29117
2.67135
0.029961
0.454146
2.12498
1.77154
0.696691
0.509385
5.61248
2.02446
4.00045
0.456806
0.00574987
0.725956
0.149245
0.000266427
0.264061
0.247698
0.0845326
0.476304
0.211102
0.466821
0.486988
0.54041
1.47827
1.3079
1.51774
0.167948
0.446047
0.801852
0.206586
0.750034
1.60167
2.39771
1.44551
0.394083
0.912869
2.2239
1.7616
0.188857
0.275906
0.0986551
0.0147541
1.32994
1.17513
0.78912
3.55088
1.24725
0.0726168
1.59569
0.382221
0.819806
0.300841
1.10195
2.23462
0.418042
0.830517
0.401676
1.83955
0.891222
0.6949
0.0121298
0.250584
0.928849
0.847253
0.335041
0.308106
0.682079
0.251285
0.530704
1.00288
0.380799
0.0698596
0.967775
3.462
0.444011
0.308741
1.7044
0.421315
1.71239
0.356024
2.00081
4.31944
0.476252
0.641874
1.82804
1.57572
0.495517
0.628035
0.216988
1.94059
0.225709
0.125152
0.793499
1.05985
0.681043
0.274799
0.0458938
0.0557796
0.0888322
0.164631
1.2401
0.267424
0.792908
0.649235
0.361733
0.704859
1.62865
1.58014
0.800024
0.637538
2.37328
0.213007
0.157511
0.940032
0.0477982
1.40378
1.07352
4.44899
1.90288
0.330913
0.0852599
0.457529
2.31165
2.86088
1.39119
0.261494
0.727996
0.933247
2.5784
0.808736
3.84834
1.16075
0.964951
0.397365
2.93344
1.5958
0.0373297
0.484605
1.29021
0.462397
1.54029
0.275085
1.13928
1.08614
0.622683
1.78505
0.712724
4.00758
0.216348
1.45384
1.15062
0.256172
0.403331
1.20458
0.267651
0.381299
0.774902
0.310205
1.60199
0.318549
0.326999
0.831114
0.449456
0.75046
1.41614
0.464176
0.445198
1.78492
0.849969
0.0521399
0.749723
0.427166
1.05674
0.815335
0.185158
0.286916
0.0840032
0.39674
0.237014
1.02492
0.980267
0.356492
0.92627
0.53665
0.334177
0.451187
0.362575
2.81046
0.0696487
0.659558
0.324085
0.394697
0.153117
0.406208
1.94319
0.384215
0.128416
2.97546
0.517232
0.575718
1.51766
0.888243
1.51296
0.445934
0.203556
0.552153
1.61492
0.294909
1.26472
1.58729
1.83859
0.00856322
1.85635
0.973359
0.323241
0.312395
0.965781
0.343689
2.48045
2.39794
1.19981
0.0687203
0.090595
1.16862
0.608999
0.277586
0.153073
0.258826
3.40662
0.11596
0.107898
0.698996
0.403628
0.0123205
0.450204
0.138478
1.17096
1.34712
0.414988
0.0557204
0.291094
0.070711
0.083685
2.09085
2.13033
0.0827696
0.983166
1.72759
1.01149
2.86884
4.11085
0.0513285
0.0295186
3.29985
0.365847
0.142535
0.669317
0.0821489
0.0707075
0.835693
0.0122542
1.14528
0.134462
0.429086
1.68004
2.49122
0.45191
0.0688601
1.14137
1.77008
1.1756
0.823418
0.103597
0.377811
0.408909
1.70451
0.1313
0.300542
0.314573
3.30394
0.608882
0.293838
0.17763
0.761325
3.33484
0.500879
0.0767115
3.06846
0.54682
2.55298
0.307356
0.594623
2.63657
0.83827
1.07349
0.778308
0.319
0.653826
1.24978
1.06906
0.431063
1.20137
0.867391
2.019
0.303982
0.426634
0.629452
4.72565
0.411475
0.507256
0.0654893
0.844548
0.169587
0.570344
1.33468
1.51511
1.92915
0.912474
0.0708049
0.378121
0.138997
0.977901
0.270067
0.669471
0.158662
0.00920559
2.08973
0.121304
0.214721
1.65924
0.828001
1.01149
0.944872
0.0172276
0.0913149
0.0390064
0.085643
0.0315451
0.709551
0.652914
0.702852
0.299424
1.44308
0.852247
1.79753
0.970416
1.34361
1.08535
1.14667
1.63072
0.447358
0.292051
0.139588
2.23204
3.16721
0.771918
3.3721
1.8071
0.0490025
0.242582
2.25737
1.05476
0.518107
3.19548
1.1572
1.72848
0.0635341
0.0799936
1.03761
1.57411
0.473693
0.192827
0.60584
0.682511
1.67255
2.61835
0.924865
0.483652
0.385566
4.0414
0.36253
0.551135
0.993725
0.42695
1.25396
3.89988
3.04616
0.622561
3.31884
1.15572
0.282739
0.169183
0.467245
0.583554
2.69183
0.798296
0.28663
3.21823
0.49908
0.0507024
2.1777
0.265363
0.873803
0.222906
0.360811
0.655705
0.263868
0.682837
0.720591
0.082491
0.437866
0.289688
1.38341
0.648642
1.37421
0.0537523
0.303745
3.38947
2.04555
3.19483
1.26199
0.224833
1.14879
2.11881
0.812407
1.25266
1.04823
1.8909
0.14142
0.275914
0.169493
0.472716
0.449385
1.82657
2.50004
1.98156
1.20393
0.987926
1.03271
1.90556
0.520282
0.0622966
0.348402
1.38813
0.847286
0.277787
1.2979
1.19174
1.31097
1.0562
0.812718
0.51395
1.71579
0.236339
1.0681
1.88935
0.00196483
1.94486
0.239651
0.156138
0.848439
0.403495
0.966108
0.340471
1.23185
1.60545
0.163932
0.173017
2.09923
0.183809
0.511008
5.5099
1.18526
1.3204
0.299069
2.14475
0.294657
0.140274
0.0473821
0.154972
0.398636
0.0479448
0.932263
1.3677
0.241892
2.05554
0.125999
0.409692
0.0196009
0.253539
0.741757
1.18424
0.025493
0.45872
0.132072
0.585158
1.50642
2.52054
1.22268
1.6681
0.699639
0.549156
1.78933
4.02348
0.083627
0.628781
0.463522
1.6946
1.13308
1.55988
0.399433
0.127451
0.457623
0.616996
0.549057
0.59987
1.71306
1.64328
1.95457
0.149077
0.249555
0.903316
0.812687
1.0093
0.752575
0.348355
1.74014
1.23366
0.610633
1.02577
0.403466
1.85049
0.415894
0.780261
0.975438
0.61482
0.213398
0.44239
0.409198
0.531837
0.982911
0.566656
0.511631
0.225103
0.340406
0.220944
1.40917
0.617845
0.629184
0.224986
0.36191
1.20577
0.701181
4.40675
2.71422
1.16302
0.96774
2.71502
0.363052
0.119494
0.170709
0.175286
1.48962
1.18417
1.23712
1.28232
0.333036
0.139257
0.1732
1.8345
0.298005
0.591952
0.453268
0.500368
1.21961
0.63787
2.1067
1.93245
1.35376
0.23129
0.154772
2.21399
2.77552
1.06017
0.622986
1.73898
0.277128
1.01472
1.65556
1.52189
0.0530998
2.99834
5.08487
1.04659
0.557798
2.10605
1.42556
2.34526
1.43071
0.128664
0.117959
0.168033
1.21406
0.124119
0.307842
2.42591
0.0988466
1.80454
1.06588
0.239331
0.562501
1.07735
0.766662
0.534269
0.408343
1.46334
0.265393
0.587461
0.0924377
0.969157
0.933747
0.744924
1.63844
0.0627472
1.02568
0.855777
4.20615
0.193277
0.769839
2.78258
0.169318
0.310038
0.947017
1.08198
0.00379395
1.83039
0.661203
0.147974
4.07548
0.00444641
0.583451
1.33713
1.63312
0.544469
2.11709
0.0512339
1.68674
0.389457
1.40689
3.64218
2.30649
0.205916
0.11492
0.344604
1.47003
0.311105
2.01382
0.139927
0.0864488
0.456008
2.00687
0.269899
0.813745
0.371439
0.0186209
0.00915592
1.6279
0.41414
1.19624
0.463791
2.03156
0.152605
0.119011
1.13838
0.350341
1.85392
0.124724
1.76186
1.23245
2.12259
0.659164
0.785427
0.633195
0.167049
0.13876
0.970753
1.18021
3.85171
1.35868
1.40339
2.68206
0.695785
0.029052
2.26496
5.28226
0.0151717
1.47614
0.171073
1.87071
0.0208146
2.23939
0.738777
0.250147
0.188356
0.739056
1.49745
1.53736
0.23391
0.437061
0.726164
0.284814
0.670515
0.712744
1.97879
0.264416
0.300274
2.28621
0.185105
1.67922
3.16052
0.790149
1.42485
2.87529
1.25857
0.294247
0.355375
0.720454
0.213053
0.959526
0.279742
0.00420159
1.01178
0.238597
1.61074
1.33949
1.41095
0.967298
0.80476
0.110187
2.55448
0.979066
0.875048
0.0716916
0.336478
0.139978
0.14059
0.358905
0.887364
0.360664
0.139694
1.13322
0.289573
0.395566
0.0650891
0.431815
0.863402
0.0107979
0.210889
0.439784
1.0227
1.40657
0.372496
0.808089
0.273583
1.88653
0.990015
3.4358
2.66777
1.31372
0.258704
0.0230593
1.44611
3.21558
0.151924
0.406012
0.743656
1.77588
0.397121
0.261847
1.60599
1.1761
0.503042
1.71534
0.339799
0.178652
0.0154409
1.68498
3.8765
0.101115
0.262316
0.314859
0.00404538
2.52759
2.09581
1.16986
0.554251
0.0031934
1.54347
0.357971
0.524394
0.0311737
0.248256
1.30782
0.189242
1.44202
1.97534
0.627794
0.00992615
1.22126
1.73411
0.745231
0.147416
0.261335
0.558938
0.371451
0.145339
0.103042
0.403785
0.0300317
0.823363
0.789425
0.0298125
2.67556
0.775416
0.494647
0.453133
0.325166
2.01211
2.2371
1.5054
0.395282
0.787482
0.208988
0.292388
1.64672
0.827951
0.668772
2.03533
0.71483
2.97707
0.369118
0.451427
2.29391
0.265548
1.66648
2.07524
0.188606
2.57641
1.3676
0.137369
0.381957
1.15297
0.407793
1.04593
0.653002
1.60816
2.59871
0.471715
1.95956
0.138614
1.67936
0.556753
0.815026
3.57248
0.221321
0.0727223
1.19703
1.18921
0.959274
0.952356
0.108628
0.245995
2.71795
0.500482
0.308335
1.19436
0.735372
2.24379
1.09199
0.572741
0.888159
0.0535878
0.241138
2.73197
2.19561
0.888598
0.196036
0.263406
1.01626
1.74383
2.20167
1.55563
0.294466
1.19455
0.737529
2.1898
0.486213
1.33819
1.08084
0.0747413
3.1165
1.25655
0.0622467
0.0413712
0.386619
1.35753
0.646615
0.683834
1.07154
0.248966
0.569203
1.93738
2.99849
0.73901
0.0507748
0.185685
0.50839
0.284786
0.20456
1.1612
1.55482
2.46771
0.250824
1.73875
0.080677
1.35417
0.251306
0.0203243
0.893016
0.828393
0.251851
0.474537
0.250044
1.54507
0.889806
0.0846426
1.57558
1.05177
1.61926
0.128217
0.368387
2.95591
0.756908
1.15946
1.03172
0.0684323
0.728973
0.105326
2.82722
1.9546
0.589017
1.88563
0.727356
3.60077
1.79249
0.368792
1.33192
0.195435
3.27907
0.280899
0.781532
0.933787
0.128783
3.23603
2.81093
0.269211
0.115499
3.06535
1.7647
0.167267
0.165708
0.794531
0.646821
0.0450449
0.348642
1.76047
0.364745
1.42065
0.276178
0.540479
0.51364
2.3105
1.19493
0.840348
0.686569
0.139932
1.57365
0.486678
0.828454
0.880428
0.775767
2.08862
0.508331
1.5957
1.33593
0.429102
1.04707
0.0426737
1.18336
0.151693
0.0571032
1.71133
0.0431513
4.22201
1.45671
0.888357
0.110709
1.73503
0.522713
1.44217
0.396889
0.607251
0.230644
4.96629
0.915129
0.132301
0.746376
1.99367
0.634157
0.767832
0.111831
0.273106
1.64243
0.955619
0.643957
1.04415
0.0250566
1.65427
0.517192
0.705601
0.13979
0.404629
1.13654
1.77075
0.348387
0.518001
0.982155
1.34922
0.00285606
0.30847
2.88455
3.80749
2.46905
0.493606
1.90402
0.297186
3.55787
0.482357
0.0429881
0.471801
4.41398
0.143719
0.724147
0.0602515
0.910676
0.182784
0.162353
0.860498
2.62727
2.82748
0.886241
4.192
0.904962
0.191711
0.415563
0.548997
0.673963
2.03051
0.140063
0.561539
0.193315
0.458259
1.65412
1.48536
1.25742
4.02802
0.28117
0.17666
0.166869
2.16993
0.843363
1.82374
2.51807
0.341652
5.15856
1.56782
0.0261835
0.727862
3.01637
1.7497
0.34486
0.378961
0.0294707
0.899313
2.93802
0.562285
0.511577
1.13304
0.17564
1.04219
0.420681
1.49757
0.372615
1.21075
1.82777
1.86826
0.785051
1.95888
1.9004
1.85149
0.661978
1.85421
0.101975
0.653044
0.249284
4.09781
0.352213
0.545788
0.154206
2.0897
1.7115
4.06834
0.311156
0.159109
0.545489
2.19583
1.0102
0.823552
1.07962
1.08155
1.26659
0.124153
0.234702
0.270386
1.69938
0.103532
0.798863
0.17217
1.86156
0.399872
0.99797
2.28564
2.22908
0.0454011
0.480366
0.74714
0.530497
0.672505
0.334021
1.59566
3.51053
0.338878
0.809319
0.109418
0.231139
0.00824254
0.0459781
0.757576
0.264317
1.26585
0.69995
2.43805
0.138835
0.604865
0.0161576
0.646504
2.4258
1.23198
0.781174
5.1424
0.232605
1.36804
1.64137
1.08188
0.941833
1.14039
0.20648
6.28176
5.80356
0.0901859
0.761486
0.697441
2.247
2.26662
0.580569
0.577278
0.0497484
0.871216
1.63649
2.49928
0.846125
0.157932
0.64122
0.349394
0.410219
0.124062
0.521695
3.37499
0.857373
0.266179
0.894492
0.111706
2.0965
0.505255
0.519734
2.97392
7.95974
0.0871776
0.592057
0.432623
0.137622
0.0585892
0.00285266
2.6981
0.564816
2.18158
0.0479112
1.41845
0.225924
0.60158
0.818411
1.59087
0.71859
0.00577251
0.326881
0.20489
0.531784
0.121879
2.89573
0.371367
0.473998
0.384109
0.541119
3.38779
0.291795
2.9706
0.999705
0.34205
0.691785
0.476358
0.451273
3.67429
0.716239
3.9141
1.39746
0.957793
0.443592
0.0851159
0.24339
0.328314
2.48063
2.77225
1.41214
1.91877
0.390031
0.932328
0.259717
0.0248209
0.62552
0.0707444
0.272068
0.354083
0.175186
0.113362
0.146427
0.132622
0.48427
0.540244
0.0303415
0.977542
1.15781
0.0519227
0.558745
0.773249
0.800525
0.367974
1.26132
1.38935
0.234789
0.22624
0.255416
0.223283
0.156085
3.17693
0.488192
0.329153
1.10604
0.0559889
0.102022
0.242069
0.327494
0.0582973
0.951449
1.14391
0.920737
3.23759
0.481014
1.07419
0.601383
1.1493
0.604632
0.659515
0.605396
0.546923
0.47797
0.214558
1.35712
0.266841
0.758926
3.54656
0.154243
1.61427
0.139907
1.73076
2.32183
2.92784
0.252386
0.380982
0.26476
0.379656
0.53971
0.463461
1.21603
0.294991
0.42948
1.13845
1.00417
0.424142
0.128427
1.32716
0.289745
0.786599
1.86757
1.03767
0.377453
0.0482217
0.0918178
0.967759
0.362526
1.90666
0.547929
0.420087
0.191008
1.88498
0.340538
0.34727
0.120597
1.57786
0.479164
1.45606
2.81373
1.17838
0.230916
2.5254
1.50365
0.451631
0.612544
0.238685
1.33501
2.1216
0.145955
0.307386
1.07383
0.372563
1.68745
0.31439
1.63992
0.0259579
0.453672
2.72969
0.0503279
0.907322
0.145234
0.872745
1.48047
4.67382
0.0627498
2.69285
3.11618
1.81747
0.186977
0.685774
1.66485
1.24079
0.126805
0.0585497
0.923129
1.701
0.0314498
1.94217
0.10283
0.792283
0.218929
1.09322
0.095751
2.71502
0.0254981
0.693199
0.0294204
0.246394
1.24611
0.580592
0.700616
4.23785
2.77393
0.696272
1.78259
0.635091
1.18737
0.18782
1.16524
2.19796
0.306471
2.34189
0.548203
0.561254
0.0322097
0.0491672
3.0742
1.59817
0.139509
0.759936
1.00497
0.0738132
2.34879
1.27038
3.41937
1.13013
0.481373
0.807696
0.345981
0.48958
5.07841
0.266389
0.307862
1.01895
1.07777
1.15153
0.00165218
1.2274
0.490168
0.0943874
3.92977
0.351008
0.174059
0.4614
4.67007
0.168087
0.0558284
2.18822
1.0059
0.0209615
0.273896
2.44347
2.18144
0.613558
0.249169
0.780265
0.15879
0.396258
0.030015
0.334033
2.12321
0.280142
0.0372404
1.08634
0.919709
0.900772
1.6038
0.480195
0.493928
0.794298
0.744603
0.811679
1.30297
0.0500323
3.12654
1.13946
0.0753848
0.853909
3.66973
0.367228
0.850669
0.38932
0.313155
0.83153
1.52611
1.21365
1.1145
1.02364
0.467011
2.84518
0.161087
0.240944
2.72099
0.540956
0.181311
1.00386
0.350555
2.36169
1.12847
1.02717
0.995045
0.197025
0.112443
3.30618
0.452975
2.5575
0.557675
0.561231
2.11605
0.361992
0.139153
0.142573
1.08538
0.0304577
0.119848
1.65263
0.29651
1.05916
0.272114
0.0895653
1.21245
0.148064
0.825695
0.0581547
0.603788
0.399383
1.09825
1.4859
1.31007
0.779598
1.04662
1.08514
0.384645
1.19919
0.419794
0.859554
1.0753
1.07806
0.52032
0.508348
0.238241
1.87845
1.23878
6.13258
0.415877
0.130401
1.45113
0.376295
1.38696
0.0486371
2.4949
1.48997
2.62461
2.48447
0.152938
1.21026
0.530723
4.33894
0.193251
0.582828
0.240326
0.816189
0.468239
0.455517
1.70211
0.447595
0.5794
0.640777
0.0146401
0.213127
0.627993
2.38865
0.010912
3.57103
0.672611
0.519389
2.44524
0.198489
4.46105
0.534093
0.845945
1.23425
3.56781
1.62737
4.8089
0.0332956
0.0241622
1.16412
5.0375
1.17894
0.00423708
0.894878
0.800153
0.849689
0.141066
0.236705
0.54665
0.648733
0.813653
0.0924078
0.290949
2.30023
2.51934
0.16469
0.74426
0.687109
4.41925
0.15249
0.972262
0.13337
0.761916
0.164539
0.129067
2.38261
1.9145
2.76958
0.507003
2.26754
0.982627
0.154425
2.86489
1.08239
0.491552
0.667069
1.92301
0.736106
0.22281
0.248937
2.2742
4.2491
2.95383
0.450188
2.2097
2.43714
0.110985
0.697578
0.101235
0.685906
0.0645448
0.044027
0.593701
1.37457
2.53353
0.0508997
5.12214
2.16657
1.63913
0.200921
0.92972
0.0189567
0.633106
0.234396
0.0354581
0.816315
1.11135
0.3133
0.907686
1.22318
0.334431
0.278552
0.493611
1.14631
0.330542
0.671952
2.44202
0.592596
4.96503
1.5915
0.82724
2.47194
2.64328
0.120244
1.09278
0.0230406
1.48005
0.93312
2.75717
0.786887
0.170458
0.614565
0.552737
5.22152
1.64911
2.75831
1.07687
2.89942
0.531542
0.468114
2.40555
0.14086
0.00395842
0.576139
1.17181
0.124676
0.150738
0.307955
0.0364285
0.204491
0.0924723
0.90742
0.324886
0.923058
0.946105
4.74072
0.139176
0.248715
1.19948
0.739587
1.1369
0.359909
0.320124
0.479536
0.509099
0.0249107
0.0615311
1.08318
0.746331
1.03679
0.563967
1.61935
0.127729
0.140907
0.56247
4.2887
2.09736
0.169606
1.19994
0.0412641
0.613632
1.16891
1.02255
0.556869
1.36788
1.39993
1.745
1.4808
0.383232
1.58315
1.34706
1.0457
1.00449
0.112011
0.240753
0.1367
0.200004
3.75447
0.0445446
1.9244
0.660247
0.0205762
1.4872
0.274508
0.752976
0.331818
1.14334
0.031302
0.38774
0.226591
0.881251
0.319131
0.120772
1.97156
0.170849
4.53571
2.10213
1.46947
0.333446
0.199845
0.104502
0.0758267
0.452518
1.08814
0.611875
0.958427
0.0457771
0.556314
2.32538
4.25021
0.0210276
0.592436
0.611026
0.174125
0.957961
0.0340739
0.575506
0.935965
0.846728
1.83672
0.060933
0.0932494
2.51624
1.14854
0.518974
0.565783
0.253763
0.433388
1.98843
0.764603
0.579192
0.0977769
0.293958
1.29777
0.0166413
0.647971
0.664814
0.804287
1.89193
0.998823
0.75669
0.901323
0.779897
1.02004
0.703442
4.40953
0.0956584
0.0110308
0.525853
0.0737115
0.376338
0.227063
0.760496
0.984043
0.748368
0.0066384
0.577237
0.697286
0.989755
0.124451
1.06447
0.100957
1.06686
0.530877
1.34915
0.0356029
0.258597
0.448987
0.0290527
0.223743
0.525037
2.36022
0.256852
0.559169
0.100551
0.194655
4.4309
0.331155
0.0504563
0.174724
1.49812
0.442166
0.328624
0.043024
1.19527
1.72543
0.420514
0.44133
1.37865
0.114828
1.54142
0.835094
0.0820016
1.47788
1.6232
0.349247
1.16871
2.73023
0.319409
1.6493
0.776458
0.0915269
0.831419
0.700011
1.15417
0.542015
0.840231
0.115145
1.96592
0.931627
1.37486
0.169699
0.498198
2.89342
1.67661
0.305125
0.687572
1.42968
4.4242
0.198965
0.711838
1.83315
0.645458
1.50711
0.804566
1.08728
0.338968
1.31461
0.168514
1.98697
0.492656
0.112854
1.04552
1.71193
0.305371
0.17112
0.64064
0.805343
0.694429
0.0219245
0.0765213
0.172503
0.629071
1.34186
0.965653
0.622806
0.0981224
1.73732
1.22283
0.160486
0.739662
1.71218
0.285661
0.66885
2.08798
1.30367
0.561126
0.874098
0.719783
0.641847
0.920294
0.485412
0.778643
1.08214
0.0609126
0.0863926
0.322416
0.827722
0.447975
0.19326
0.167239
1.38508
0.110565
0.760211
0.0661028
2.89692
0.828683
0.425952
0.0658188
0.0351298
0.145124
0.735931
0.49163
1.12004
0.0439655
1.32534
2.39229
0.445523
3.03712
0.513663
1.45422
0.381287
0.14049
0.947936
1.39044
0.0214349
0.386152
1.65827
0.918821
3.44032
1.02531
1.71091
0.478723
0.82318
0.895851
0.498206
0.589203
0.210796
0.799227
1.45763
0.517719
0.082699
0.239944
0.125076
0.738021
3.32333
0.240045
2.15569
2.15246
1.00395
1.76433
1.62815
0.767436
1.32241
0.609308
0.535001
3.71516
1.04254
0.614804
0.708821
0.793509
1.97399
0.584955
0.866876
0.351841
1.72072
0.0995545
0.0651
3.77181
0.226062
1.85098
2.00021
0.832758
1.47041
2.61214
0.539193
1.05812
0.103056
0.709599
0.997776
0.604385
0.816173
0.551927
0.612974
0.299902
1.94069
0.953032
0.527186
0.776954
0.511011
0.660503
1.40688
0.682726
1.44315
0.0378967
0.0293228
1.43992
0.142462
3.50033
0.0336815
1.72776
1.64678
0.919252
0.305107
1.92215
0.740196
0.139795
0.412106
1.51094
1.01344
1.51644
2.01376
2.02044
0.208274
0.840034
0.931224
0.694823
1.69396
0.550436
1.41018
0.136737
1.40759
1.38654
1.94202
0.404334
0.131043
0.146112
1.09766
1.10209
3.04768
0.44852
0.46695
0.233491
0.833465
0.0883644
2.07655
0.8542
0.826935
0.25793
0.111054
1.73534
2.00251
0.171328
0.742251
0.762274
0.935453
4.01899
0.0598022
0.818986
0.559421
1.13788
1.2823
0.389863
1.37561
0.226358
1.09906
0.87693
0.36307
0.199825
2.41119
0.0150995
1.14983
0.373981
0.0690888
0.974309
0.301464
0.101326
5.46596
0.255247
0.436138
0.237966
1.50502
0.631924
3.16858
1.20715
0.628305
2.1559
2.15837
0.386072
0.942904
0.698035
0.2651
0.10424
0.0577575
1.23513
1.01648
0.642381
0.857646
0.228381
1.1732
0.987167
0.987569
1.70229
0.279988
4.46296
0.297247
2.81952
0.272436
1.10936
1.16882
1.38071
0.297007
0.0859585
0.585213
0.187782
1.41051
0.823896
0.528059
0.792753
0.00365138
1.78533
2.0521
1.01051
2.15584
8.25726
0.141862
0.740411
0.37509
1.94992
1.07669
0.0631983
2.08878
0.243834
0.226212
1.59064
0.12385
0.0263831
0.521373
0.654558
0.920276
6.95219
0.611489
1.80706
0.536932
0.971016
0.0741425
0.445659
0.146842
0.974525
2.19005
1.71864
1.49808
1.01843
0.700407
0.506918
2.24979
1.29687
2.28684
1.97075
0.51366
0.157457
4.88938
0.100304
3.43921
0.279232
0.15692
2.12008
2.01172
4.53262
0.460821
4.656
0.286373
0.93089
0.227796
0.33943
1.98674
0.778256
0.0412614
1.63903
4.52952
1.02398
0.290781
0.600951
1.29685
0.986579
2.11539
1.15182
1.30014
1.70599
0.92815
0.580308
0.138822
0.405364
0.137771
0.172973
4.21753
1.6994
0.272943
0.72417
0.155004
2.99849
0.481104
0.829975
1.48194
1.41378
0.659922
0.560517
1.97794
5.76283
0.382794
0.199653
1.56952
2.06635
1.26002
1.28228
3.05162
3.27955
0.164616
0.929436
0.278767
2.49019
0.391918
2.51953
2.21503
0.21282
1.35263
0.764418
0.449915
0.115203
0.255497
1.49977
0.172501
0.202875
3.30223
0.661691
0.228039
0.124308
0.0430701
0.861354
0.628449
0.635298
0.375201
1.55565
1.55485
0.224835
0.571712
1.82752
3.41842
0.244144
1.33878
1.11155
0.68538
0.543509
0.304171
1.45536
0.801339
1.22962
0.563355
0.144699
0.80196
0.908945
0.032032
0.334669
1.00198
3.91388
1.31347
7.34451
0.941689
1.04182
1.043
0.838626
0.378208
0.0145443
0.489508
0.654023
1.47015
1.36283
0.984859
0.980698
0.717718
0.122497
0.244731
0.518241
2.14264
2.03854
1.92827
1.16254
0.647834
0.493722
1.18237
0.478944
1.30601
0.360663
0.759783
2.58003
0.261207
0.855472
0.142557
0.0288627
0.787536
1.36477
0.22853
0.401454
1.03046
2.0493
0.0347156
1.36411
0.60299
3.36042
1.29832
0.73305
0.432432
2.30444
1.03179
0.489956
1.02814
0.102483
1.06414
0.92893
0.340466
0.584295
0.059775
1.42295
0.920266
0.0169156
1.93044
0.469423
0.61448
0.218038
0.0933358
1.5802
0.430616
0.977273
0.176849
0.746909
0.755982
0.602758
1.27313
4.18953
0.622505
0.317503
0.898639
2.13863
0.0388603
0.371312
0.318033
1.32392
1.23423
0.0976389
0.0115675
0.219829
0.42206
1.64941
0.482401
0.0632133
0.377584
0.732793
0.250373
0.574401
0.060275
0.25733
0.803609
0.489755
0.364151
2.8298
0.238071
0.263132
0.459599
1.1762
0.49284
3.49871
2.55025
0.111499
1.32998
0.914968
1.08785
0.197063
1.20252
5.24931
2.454
0.993397
0.759653
4.27139
2.93399
0.0754114
0.383101
0.357067
0.620061
1.57425
0.400467
0.187185
1.91907
0.67198
3.85921
0.302354
1.00882
1.08199
0.315367
1.14978
0.816132
1.41634
1.00347
0.626144
0.988641
0.742485
0.91099
6.3134
0.851625
1.04846
0.539088
0.674258
0.780514
0.98082
0.414687
4.02923
0.326492
0.280569
2.72755
0.368059
0.221913
0.254706
0.321831
1.79351
0.0950987
1.02345
1.25886
1.06001
0.452603
0.18048
1.40663
0.0795047
0.564489
0.152088
0.747562
0.0489265
1.88051
0.326504
2.03677
0.0646249
0.0748914
0.00719341
1.51205
0.0778242
0.268528
0.281951
0.120945
2.17225
0.0650535
0.502509
0.7166
0.0119996
0.603816
1.63742
0.0082064
0.98442
0.290564
1.17164
0.359018
2.84649
0.0218179
0.920017
0.157705
0.535661
0.516281
0.111895
0.12919
0.0995892
1.21172
0.477566
1.83883
3.13273
0.0987899
0.136776
0.494603
0.397392
0.294784
1.40382
2.61659
1.84145
3.04659
0.183944
0.680417
0.498349
0.27566
0.379148
0.408252
0.27679
0.417131
0.998678
1.13728
2.58004
0.227791
0.651159
1.8265
0.542005
0.424245
0.704818
0.945216
3.15707
0.174357
0.171729
1.59338
1.89466
1.93749
0.787579
2.24314
0.196454
0.0922494
0.103498
1.98416
1.36528
1.02929
0.172346
0.937868
0.126093
0.0858275
0.707466
0.607542
0.247463
1.04399
0.215214
0.395593
0.0327155
4.00797
0.692787
0.338572
0.664686
0.212463
3.55497
0.171858
0.372477
0.983707
1.68434
0.593851
0.0511737
0.664254
0.143303
0.210146
3.12277
0.525124
0.275609
0.558526
0.115326
1.25106
0.168287
0.16334
1.99201
0.732949
0.323871
0.038056
0.108716
4.79881
1.22611
0.354303
0.641479
0.180296
1.0245
0.562965
1.23152
1.43855
0.620741
0.475316
1.15744
0.147946
0.628505
0.515608
0.577183
0.981371
0.527405
0.0560288
2.06836
0.496718
0.267245
1.40216
0.658128
0.220145
0.291141
0.558052
0.35932
1.33298
1.7726
1.80603
0.521006
0.575921
0.0912733
0.201084
0.36168
0.533181
0.634117
0.536978
2.86447
1.75902
0.208091
0.695347
0.195549
0.17184
1.14843
1.13601
0.237506
0.0151166
0.599318
0.202381
2.79532
0.472605
0.0370299
0.875544
0.546074
2.05655
1.77581
0.464319
1.52817
0.326349
1.8332
1.86677
0.474787
0.677933
2.81999
3.52241
0.556512
0.226792
1.22494
0.92636
2.76871
0.482444
2.2349
0.20287
0.413173
3.64788
0.716745
0.288486
2.58231
0.0498212
0.55911
1.02213
0.350396
2.15458
0.068211
0.0506643
0.0173502
0.331308
0.508308
0.375968
1.16415
2.09045
0.90498
5.52522
0.862246
1.48515
1.50334
1.86265
0.751648
1.02958
0.0290451
2.04394
0.710801
0.175222
0.721398
5.1533
0.281927
1.18407
0.00197565
1.01868
1.85476
0.36902
1.4348
1.29706
5.2172
3.99874
0.703266
0.277795
4.05401
0.665525
0.369054
2.5702
0.62023
0.460754
0.154138
0.486041
0.289729
0.17345
0.435782
2.07534
2.72883
0.154103
0.125006
0.209037
1.51769
0.458125
0.221931
0.817471
1.39429
1.88017
0.24339
0.773828
0.915618
0.080363
2.19181
0.303551
0.216537
0.00414572
0.415064
0.836516
0.334533
0.756103
0.410686
0.376197
0.403765
1.31033
0.545897
0.0506254
0.722447
0.529545
0.125114
0.995026
0.517449
2.70554
2.89524
0.707508
0.638304
1.03152
1.19631
0.460901
2.46102
0.883015
1.32531
0.664648
0.160865
1.73666
1.04538
0.325069
1.57569
0.976584
0.156106
2.16081
0.411589
1.05033
0.138601
0.362967
1.19712
0.216076
0.48627
0.325136
0.412137
0.32222
1.54823
1.24064
1.87517
0.572806
0.361773
2.45707
0.2741
0.290964
0.123577
0.303018
0.927277
0.670796
1.05692
0.8235
0.0349765
1.10626
0.344048
0.136516
0.66466
0.31568
0.939224
0.601686
1.39286
0.216603
0.72966
1.9471
0.232297
0.665847
0.137162
0.614735
0.41613
0.0623511
0.0337047
0.203189
3.70862
0.670103
0.870731
0.0965303
0.0843649
0.686297
0.0419417
0.797702
0.348094
3.26447
0.0737005
0.14897
3.19416
1.74622
0.0989485
0.010936
0.295558
2.41043
1.64216
1.0236
1.00162
0.332092
1.20586
1.10674
0.712248
0.16359
4.45929
0.64372
0.486311
1.17156
0.334286
2.84237
2.16183
0.537768
1.48771
0.0601752
1.53121
0.443853
0.0293244
1.7795
0.0270585
0.286906
0.0796749
1.09492
1.06613
0.0144782
0.924252
2.38972
0.350757
0.179423
0.228334
0.599798
0.576758
0.199302
0.344296
2.70118
1.16516
4.25879
1.05939
0.976576
3.88445
0.267602
1.0505
3.50939
0.82209
3.21513
1.36041
0.222998
0.574658
0.461008
0.624126
0.602718
0.83068
0.039736
0.242725
0.669724
0.0694347
1.96427
0.666331
2.72562
0.437121
1.56036
0.53965
1.68152
0.492045
0.530095
0.268896
0.2997
0.468878
0.852962
0.293201
0.0959479
0.656623
2.502
3.24325
0.758506
0.382874
0.0550806
1.25755
0.896807
5.02746
1.21789
1.53358
1.02096
1.25335
1.11042
0.616206
1.24648
1.76309
0.299505
0.00810663
0.108242
0.723944
0.708527
1.2126
1.14098
0.565773
0.881124
0.903341
1.44864
0.77402
2.50352
0.602946
3.17262
0.116241
0.917533
2.54994
0.305464
0.189259
0.602175
0.0232485
0.941841
2.17517
0.698615
0.0727931
0.346155
1.82429
2.95674
1.09677
0.111372
0.0568654
1.30424
0.125494
0.701298
0.524075
0.199297
0.220716
2.32623
1.44863
3.28314
0.216317
0.395771
3.34522
0.197541
0.736595
1.35148
1.42281
1.34544
0.491358
0.207424
0.145559
0.240468
0.0911382
1.75512
1.21515
0.54143
0.00700357
0.587331
0.774013
0.800361
0.74165
0.0356107
0.571583
1.3075
0.172577
2.3222
1.85671
0.426139
2.30543
2.30054
2.37591
