1 0.0497335 0
2 0.0256384 0.0240952
3 0.0923576 0.0681541
4 -0.0760291 0.175147
5 0.00236261 0.156688
6 0.0186106 0.128963
7 -0.00516712 0.111557
8 0.00193 0.0968717
9 0.031243 0.0903217
10 0.0533221 0.083749
11 0.044894 0.0762212
12 0.0873834 0.0815276
13 0.105184 0.077078
14 0.117269 0.0723765
15 0.106605 0.0682176
16 0.103046 0.0639109
17 0.11045 0.0604886
18 0.11349 0.0571102
19 0.0760361 0.0657349
20 0.0764532 0.062363
21 0.0672398 0.0600303
22 0.0723015 0.05746
23 0.0779275 0.0551924
24 0.0674943 0.0538628
25 0.0788479 0.0528962
26 0.060135 0.0541567
27 0.0661679 0.0524604
28 0.0675728 0.0505716
29 0.0664961 0.0488085
30 0.0716539 0.0474347
31 0.055717 0.0485682
32 0.0369484 0.050633
33 0.050438 0.0508949
34 0.0588908 0.0500936
35 0.0505395 0.0493531
36 0.0519374 0.0479829
37 0.0515031 0.0466701
38 0.0418425 0.0464412
39 0.0314203 0.0464199
40 0.0414838 0.0463502
41 0.037986 0.0453407
42 0.0355068 0.0443174
43 0.042065 0.0437686
44 0.0297656 0.0444959
45 0.0245069 0.0438126
46 0.0218864 0.0429296
47 0.0305795 0.0428964
48 0.0219714 0.0428664
49 0.0269002 0.0422708
50 0.0294167 0.0414931
51 0.0334312 0.0408691
52 0.0296781 0.0402508
53 0.0292698 0.0394861
54 0.0248095 0.0390039
55 0.0202198 0.0385623
56 0.0183609 0.037913
57 0.0183926 0.0372419
58 0.0115565 0.0372272
59 0.0116262 0.0365909
60 0.00631174 0.0363663
61 0.00355584 0.0358712
62 0.00528485 0.0353302
63 0.00287312 0.0348484
64 0.00443054 0.0343349
65 -0.00232225 0.0344705
66 0.00302906 0.0343634
67 0.0065807 0.0340325
68 0.0172337 0.03518
69 0.0169042 0.0346679
70 0.0150511 0.0342193
71 0.0129443 0.0337996
72 0.0106303 0.0334071
73 0.00797808 0.0330529
74 0.00629862 0.0326464
75 0.00712343 0.0322187
76 0.0010495 0.032367
77 -0.00104861 0.0320127
78 -0.00213129 0.0316182
79 -0.0046743 0.0313188
80 0.000550754 0.0313631
81 -0.00052428 0.0309921
82 0.0018175 0.0307013
83 0.00167193 0.0303295
84 0.00556042 0.0302175
85 0.00332147 0.0299437
86 0.00112986 0.0296745
87 0.00373054 0.0294465
88 0.000642936 0.0292733
89 -0.00297682 0.029168
90 -0.00320289 0.0288429
91 -0.0023921 0.0285357
92 0.000659209 0.0283883
93 0.00331799 0.028207
94 0.0026555 0.0279132
95 -0.00385075 0.0283738
96 -0.00120963 0.0282006
97 -0.00300581 0.0279661
98 -0.00136764 0.0277277
99 -0.00636615 0.0278977
100 -0.00607029 0.0276189
