1 0.761674 0
2 0.643779 0.117895
3 0.291666 0.358632
4 0.516051 0.33861
5 0.277884 0.354284
6 0.0655349 0.358846
7 -0.0359815 0.319819
8 -0.136252 0.294563
9 -0.150972 0.260197
10 -0.188435 0.235723
11 -0.195453 0.213335
12 -0.287732 0.215504
13 -0.297081 0.198455
14 -0.339907 0.188659
15 -0.285641 0.183824
16 -0.213071 0.186638
17 -0.223902 0.17565
18 -0.197513 0.167694
19 -0.0901093 0.191564
20 -0.114091 0.183309
21 -0.115102 0.174364
22 -0.137459 0.167746
23 -0.143422 0.160398
24 -0.13073 0.154093
25 -0.1063 0.149806
26 -0.0954242 0.144339
27 -0.120468 0.141131
28 -0.0764044 0.142957
29 -0.0710054 0.138045
30 -0.0743443 0.133406
31 -0.0696257 0.129117
32 -0.0429512 0.127831
33 -0.0403594 0.123924
34 -0.0499985 0.12061
35 -0.0534777 0.117165
36 -0.0438303 0.114272
37 -0.0581223 0.112056
38 -0.0459512 0.109744
39 -0.0585475 0.107633
40 -0.0827031 0.107652
41 -0.0880796 0.105131
42 -0.104317 0.103875
43 -0.119566 0.10257
44 -0.0873339 0.105268
45 -0.0799159 0.103169
46 -0.0712183 0.101276
47 -0.080444 0.0995259
48 -0.0674215 0.0982968
49 -0.0748406 0.0965553
50 -0.0584132 0.0960202
51 -0.0691267 0.0947264
52 -0.0623722 0.0931321
53 -0.0619722 0.0913589
54 -0.0502165 0.0904186
55 -0.0343248 0.0901708
56 -0.0333567 0.0885512
57 -0.0237824 0.0875092
58 -0.0119993 0.0867907
59 -0.0102569 0.0853248
60 -0.012362 0.0839171
61 -0.0176461 0.0826989
62 -0.00990527 0.0817216
63 -0.0104639 0.0804159
64 -0.00521327 0.0793234
65 0.00137116 0.0783706
66 -7.34626e-05 0.0771875
67 -0.00201018 0.0760514
68 -0.00243342 0.0749259
69 -0.00448194 0.0738604
70 -0.00408305 0.0727987
71 0.00475482 0.0723082
72 0.0213951 0.0732129
73 0.0271349 0.0724309
74 0.0273041 0.0714456
75 0.0356618 0.0709803
76 0.0435172 0.0704792
77 0.037939 0.0697812
78 0.0418418 0.0689913
79 0.0344644 0.0685107
80 0.0249402 0.0683161
81 0.0221123 0.0675266
82 0.0223038 0.0666983
83 0.018695 0.0659886
84 0.00388104 0.0668601
85 -0.0097945 0.0674693
86 -0.00244461 0.067084
87 -0.00300705 0.0663108
88 0.00428699 0.0659575
89 0.0113149 0.0655898
90 0.0116253 0.0648577
91 0.0114725 0.0641412
92 -0.00239796 0.0649388
93 0.00847482 0.0651504
94 0.00750384 0.0644609
95 0.0148129 0.0641962
96 0.00716211 0.063983
97 0.00702195 0.0633201
98 -0.00272795 0.0634245
99 0.00980522 0.0640194
100 0.00260227 0.063784
