1 -0.312081 0
2 0.00246478 0.314546
3 -0.0177152 0.182721
4 -0.269263 0.282789
5 -0.137574 0.255585
6 0.0414089 0.274926
7 0.104905 0.240874
8 0.0750583 0.210728
9 0.165703 0.206772
10 0.00858614 0.242672
11 -0.0245193 0.221987
12 -0.0506013 0.204317
13 -0.0574245 0.188068
14 -0.0698362 0.174559
15 -0.0934283 0.164209
16 -0.0104878 0.174566
17 0.10536 0.200771
18 0.120356 0.189881
19 0.0478704 0.193685
20 0.0373754 0.184045
21 0.0477296 0.175368
22 0.0752389 0.169455
23 0.0751808 0.161919
24 0.0769388 0.155036
25 0.0774974 0.148706
26 0.0308084 0.150308
27 0.0106696 0.146029
28 0.0356956 0.142925
29 0.0614746 0.140297
30 0.0387507 0.137432
31 0.0534529 0.133735
32 0.069877 0.130526
33 0.065829 0.126574
34 0.0699498 0.122864
35 0.056159 0.120096
36 0.0406161 0.117743
37 0.0347719 0.114665
38 0.020048 0.112574
39 0.0105915 0.110057
40 0.00865289 0.107287
41 0.00446912 0.104722
42 -0.00761954 0.10291
43 -0.029092 0.102757
44 -0.0352969 0.100586
45 -0.0423361 0.098577
46 -0.0373215 0.0965405
47 -0.0310804 0.0946701
48 -0.0277886 0.0927353
49 -0.00723047 0.0931206
50 -0.00147307 0.0914207
51 0.00741551 0.09005
52 0.000736895 0.0885535
53 -0.0302216 0.0922184
54 -0.0270591 0.0905497
55 -0.0341249 0.0891685
56 -0.0143187 0.0897739
57 -0.0295006 0.0894822
58 -0.0242025 0.0880853
59 -0.0424564 0.0884828
60 -0.0473116 0.087131
61 -0.0598022 0.0865962
62 -0.0511427 0.0856271
63 -0.0507975 0.0842577
64 -0.0534613 0.0829734
65 -0.0459904 0.0820279
66 -0.046049 0.0807755
67 -0.0698161 0.0830349
68 -0.0574076 0.0827404
69 -0.0506587 0.0818113
70 -0.052531 0.0806558
71 -0.0548694 0.0795461
72 -0.0401116 0.0798098
73 -0.0351593 0.0788646
74 -0.0430744 0.0781932
75 -0.0440421 0.0771496
76 -0.0218558 0.0792948
77 -0.0164217 0.0784467
78 -0.0132881 0.0774978
79 -0.0281394 0.0779386
80 -0.0224047 0.0771715
81 -0.0236197 0.0762225
82 -0.0327893 0.0758436
83 -0.0299382 0.0749785
84 -0.0268885 0.0741432
85 -0.0248944 0.0732929
86 -0.0229548 0.0724616
87 -0.0235382 0.0716263
88 -0.0169267 0.0711156
89 -0.0195685 0.0703617
90 -0.0255899 0.0698355
91 -0.0441359 0.0715106
92 -0.0400544 0.0708467
93 -0.0475489 0.0704804
94 -0.0368647 0.0705404
95 -0.0364313 0.0697953
96 -0.0450219 0.0695966
97 -0.041117 0.068986
98 -0.0548582 0.0696474
99 -0.0482245 0.0692587
100 -0.0611106 0.0697631
