1 -0.308083 0
2 -0.177811 0.130272
3 -0.161697 0.0769193
4 -0.0916991 0.0886454
5 -0.139635 0.0837418
6 -0.112134 0.0736983
7 -0.155586 0.0759449
8 -0.151988 0.0658685
9 -0.170791 0.0610577
10 -0.145776 0.060068
11 -0.143993 0.0543628
12 -0.124778 0.0532164
13 -0.0901296 0.0599733
14 -0.0923855 0.0555703
15 -0.109922 0.0546244
16 -0.102455 0.0516391
17 -0.134711 0.0582517
18 -0.120175 0.0568111
19 -0.0960145 0.0589196
20 -0.0902443 0.0561931
21 -0.0857624 0.0536379
22 -0.0817692 0.0512974
23 -0.0918474 0.0500417
24 -0.0897249 0.0479582
25 -0.0973155 0.046622
26 -0.0781657 0.0487147
27 -0.0746553 0.047007
28 -0.0837599 0.046203
29 -0.073523 0.0457416
30 -0.0734038 0.0441907
31 -0.0763406 0.0428422
32 -0.0795509 0.0416058
33 -0.0658313 0.0425953
34 -0.0770845 0.0428284
35 -0.0757108 0.0416094
36 -0.0700246 0.0408349
37 -0.075616 0.0401076
38 -0.0602878 0.0419394
39 -0.0510164 0.0418888
40 -0.0460928 0.0411239
41 -0.0463955 0.0401095
42 -0.0508565 0.0393963
43 -0.0541019 0.0386058
44 -0.0448691 0.0388318
45 -0.0356404 0.0390648
46 -0.036983 0.0382297
47 -0.0349152 0.0374646
48 -0.0326881 0.0367433
49 -0.0353976 0.0360875
50 -0.0337359 0.0353974
51 -0.0417812 0.0356169
52 -0.044041 0.0349983
53 -0.0369303 0.0350603
54 -0.0421018 0.0347914
55 -0.0342446 0.0350451
56 -0.0413031 0.0351301
57 -0.0347371 0.0351274
58 -0.0347024 0.0345164
59 -0.0287549 0.0344437
60 -0.0311219 0.0339474
61 -0.0347194 0.0335795
62 -0.0331054 0.0330729
63 -0.0317777 0.0325708
64 -0.0340499 0.0321382
65 -0.031322 0.0317573
66 -0.0333436 0.0313377
67 -0.0258068 0.0317733
68 -0.0298846 0.031567
69 -0.0293095 0.0311115
70 -0.0397876 0.0324046
71 -0.0387634 0.0319614
72 -0.0365873 0.0315894
73 -0.0337758 0.0312802
74 -0.0262257 0.0317649
75 -0.025434 0.0313486
76 -0.0261983 0.0309428
77 -0.0246108 0.0305795
78 -0.0233103 0.0302129
79 -0.0187411 0.0301759
80 -0.0122517 0.0304949
81 -0.0119515 0.0301175
82 -0.0134339 0.0297849
83 -0.0166927 0.0296037
84 -0.0194963 0.0293832
85 -0.0229629 0.0292417
86 -0.0252076 0.0289867
87 -0.0272473 0.0287241
88 -0.023399 0.0286554
89 -0.0228295 0.0283374
90 -0.0156279 0.0289314
91 -0.00686063 0.0299248
92 -0.0129627 0.0302202
93 -0.0140033 0.0299116
94 -0.0146845 0.0295995
95 -0.0160271 0.0293171
96 -0.0108658 0.0294656
97 -0.0163812 0.0296773
98 -0.015969 0.0293758
99 -0.0181606 0.02916
100 -0.0102114 0.0299415
