# DISTANCE    GOFR_BLOCK
   0.0128248           0
   0.0384745           0
   0.0641241           0
   0.0897737           0
    0.115423           0
    0.141073           0
    0.166723           0
    0.192372           0
    0.218022           0
    0.243672           0
    0.269321           0
    0.294971           0
     0.32062           0
     0.34627           0
     0.37192           0
    0.397569           0
    0.423219           0
    0.448869           0
    0.474518           0
    0.500168           0
    0.525818           0
    0.551467           0
    0.577117           0
    0.602767           0
    0.628416           0
    0.654066           0
    0.679715           0
    0.705365           0
    0.731015           0
    0.756664           0
    0.782314           0
    0.807964           0
    0.833613           0
    0.859263           0
    0.884913  0.00120339
    0.910562   0.0241736
    0.936212    0.164205
    0.961861    0.577363
    0.987511     1.19955
     1.01316     1.88554
     1.03881     2.35941
     1.06446     2.55885
     1.09011     2.57066
     1.11576      2.4186
     1.14141     2.19047
     1.16706     1.99974
     1.19271     1.77322
     1.21836     1.54511
     1.24401     1.40073
     1.26966     1.25597
     1.29531     1.13952
     1.32096     1.03793
     1.34661     0.95899
     1.37226    0.885193
     1.39791    0.834645
     1.42355    0.783877
      1.4492    0.751647
     1.47485    0.717199
      1.5005    0.709984
     1.52615    0.695174
      1.5518     0.68769
     1.57745     0.68252
      1.6031    0.693503
     1.62875    0.706972
      1.6544    0.724827
     1.68005    0.735351
      1.7057    0.755881
     1.73135    0.787129
       1.757    0.822455
     1.78265    0.858458
      1.8083    0.895128
     1.83395    0.939415
      1.8596    0.975746
     1.88525     1.01675
      1.9109     1.05483
     1.93655     1.10385
      1.9622     1.12719
     1.98785     1.15985
      2.0135     1.16989
     2.03915     1.20946
      2.0648     1.22082
     2.09045     1.21781
      2.1161     1.22862
     2.14174     1.20479
     2.16739      1.1946
     2.19304     1.15993
     2.21869      1.1416
     2.24434     1.10471
     2.26999     1.08021
     2.29564     1.04258
     2.32129      1.0225
     2.34694     1.00284
     2.37259    0.980149
     2.39824    0.961589
     2.42389    0.953011
     2.44954    0.933097
     2.47519    0.923087
     2.50084    0.913945
     2.52649    0.903851
     2.55214    0.903508
