# DISTANCE    GOFR_BLOCK
   0.0128248           0
   0.0384745           0
   0.0641241           0
   0.0897737           0
    0.115423           0
    0.141073           0
    0.166723           0
    0.192372           0
    0.218022           0
    0.243672           0
    0.269321           0
    0.294971           0
     0.32062           0
     0.34627           0
     0.37192           0
    0.397569           0
    0.423219           0
    0.448869           0
    0.474518           0
    0.500168           0
    0.525818           0
    0.551467           0
    0.577117           0
    0.602767           0
    0.628416           0
    0.654066           0
    0.679715           0
    0.705365           0
    0.731015           0
    0.756664           0
    0.782314           0
    0.807964           0
    0.833613           0
    0.859263           0
    0.884913 0.000971972
    0.910562   0.0251353
    0.936212    0.171235
    0.961861    0.583396
    0.987511     1.22497
     1.01316     1.90083
     1.03881     2.33972
     1.06446     2.60088
     1.09011     2.56319
     1.11576     2.43031
     1.14141     2.20914
     1.16706     1.99396
     1.19271     1.75256
     1.21836     1.55978
     1.24401     1.39942
     1.26966     1.25399
     1.29531     1.12591
     1.32096     1.03228
     1.34661    0.946738
     1.37226    0.866042
     1.39791    0.810459
     1.42355    0.779174
      1.4492    0.748454
     1.47485    0.726646
      1.5005    0.707376
     1.52615    0.691968
      1.5518    0.682919
     1.57745    0.685419
      1.6031    0.691965
     1.62875     0.69085
      1.6544    0.696913
     1.68005      0.7259
      1.7057    0.748718
     1.73135    0.781192
       1.757    0.816173
     1.78265    0.859679
      1.8083    0.912264
     1.83395    0.961883
      1.8596    0.990147
     1.88525     1.05169
      1.9109     1.08561
     1.93655     1.11625
      1.9622     1.14998
     1.98785     1.17924
      2.0135     1.19024
     2.03915       1.217
      2.0648     1.22595
     2.09045     1.21532
      2.1161     1.21144
     2.14174     1.19649
     2.16739     1.17725
     2.19304     1.14852
     2.21869     1.12463
     2.24434     1.09663
     2.26999      1.0734
     2.29564     1.03999
     2.32129     1.02127
     2.34694    0.984372
     2.37259    0.972371
     2.39824    0.955962
     2.42389    0.947188
     2.44954     0.92548
     2.47519    0.916414
     2.50084    0.904748
     2.52649    0.894312
     2.55214    0.894911
