100 -0.000869791 0
200 -0.00361392 0.00274413
300 -0.00587211 0.00275853
400 -0.00364186 0.0029629
500 0.00351707 0.00751781
600 0.00312495 0.00615078
700 0.00276026 0.00521114
800 0.0022836 0.00453808
900 0.0015971 0.00406066
1000 -8.77083e-05 0.00400372
1100 -0.00216843 0.00417668
1200 -0.0014547 0.003879
1300 -0.000936073 0.00360565
1400 0.000850221 0.00378607
1500 0.000865848 0.00352468
1600 -0.000394478 0.00352971
1700 -0.000104065 0.00332828
1800 -0.000515925 0.00316484
1900 -0.000567832 0.00299409
2000 0.000240698 0.00295328
2100 0.000497118 0.00282081
2200 0.000854213 0.00271314
2300 0.000968843 0.00259503
2400 0.000231439 0.00259167
2500 -0.000356929 0.00255452
2600 -0.00028075 0.00245549
2700 -0.000221581 0.00236353
2800 -0.000106193 0.00228048
2900 -0.000201598 0.0022025
3000 -0.000415067 0.0021385
3100 -0.00049716 0.00207
3200 -0.000682371 0.00201281
3300 -0.000411193 0.00196962
3400 0.000201655 0.00200668
3500 0.00108696 0.00214019
3600 0.000813195 0.00209783
3700 0.0002377 0.00211996
3800 0.0006448 0.00210319
3900 0.000774732 0.00205267
4000 0.00100543 0.00201395
4100 0.00160299 0.0020531
4200 0.00174585 0.00200871
4300 0.00126758 0.00201891
4400 0.000795356 0.00202823
4500 0.000857916 0.00198363
4600 0.000231036 0.0020388
4700 3.44512e-05 0.00200461
4800 0.000182719 0.00196799
4900 0.000260299 0.00192897
5000 0.000392459 0.00189462
5100 0.000254472 0.00186221
5200 -5.94077e-05 0.00185283
5300 -0.000273544 0.00183011
5400 -0.000113342 0.00180303
5500 7.22159e-05 0.00177964
5600 0.000471648 0.00179264
5700 0.000664164 0.0017714
5800 0.000709307 0.00174118
5900 0.000719884 0.00171144
6000 0.00036527 0.00171964
6100 0.000403761 0.00169165
6200 0.000448171 0.00166474
6300 0.000308082 0.00164408
6400 2.35278e-05 0.00164301
6500 0.000278538 0.00163752
6600 0.000140363 0.00161842
6700 4.54191e-05 0.00159691
6800 5.19128e-05 0.00157326
6900 0.000277383 0.00156661
7000 -3.83091e-05 0.00157601
7100 -0.00017679 0.00155981
7200 -0.000434784 0.00155948
7300 -0.000322042 0.0015421
7400 0.000189734 0.0016049
7500 0.000157053 0.0015837
7600 0.000224295 0.00156416
7700 0.000640847 0.00159893
7800 0.000731902 0.00158092
7900 0.000742145 0.00156082
8000 0.000730281 0.00154123
8100 0.000782293 0.00152297
8200 0.000811188 0.00150456
8300 0.000493808 0.00151983
8400 0.000568477 0.00150348
8500 0.000353092 0.00150122
8600 0.000394704 0.00148425
8700 0.000515698 0.00147207
8800 0.000563062 0.00145601
8900 0.000472135 0.00144243
9000 0.000447546 0.00142652
9100 0.000505069 0.00141193
9200 0.00083872 0.00143581
9300 0.000876386 0.00142078
9400 0.000857236 0.00140572
9500 0.000995964 0.00139774
9600 0.000828525 0.00139321
9700 0.000616237 0.00139501
9800 0.000791176 0.00139175
9900 0.000827498 0.00137809
10000 0.000936047 0.00136856
