100 -0.021452 0
200 -0.00341699 0.018035
300 -0.000562383 0.0107967
400 0.002507 0.00822837
500 -0.00799709 0.0122866
600 -0.0150001 0.0122345
700 -0.0170358 0.0105385
800 -0.0249382 0.0120724
900 -0.0233147 0.0107699
1000 -0.0235038 0.00963474
1100 -0.0243011 0.00875135
1200 -0.0206074 0.00880143
1300 -0.0228078 0.00838983
1400 -0.0205815 0.00808022
1500 -0.0225466 0.00777472
1600 -0.0217335 0.0073179
1700 -0.0199747 0.0070954
1800 -0.0180453 0.0069623
1900 -0.0203839 0.00698857
2000 -0.0146468 0.00876754
2100 -0.0136392 0.00840025
2200 -0.0106831 0.00853742
2300 -0.0088061 0.00837094
2400 -0.00982283 0.0080788
2500 -0.0117366 0.00798175
2600 -0.010318 0.00779873
2700 -0.0096716 0.00753212
2800 -0.00758967 0.00755082
2900 -0.00790074 0.00729243
3000 -0.00834704 0.00705928
3100 -0.0082346 0.00682869
3200 -0.00922201 0.00668518
3300 -0.00922866 0.00647943
3400 -0.00982131 0.00631385
3500 -0.011035 0.00624979
3600 -0.0126066 0.00627372
3700 -0.0122824 0.00611041
3800 -0.0122279 0.00594769
3900 -0.0111564 0.00589144
4000 -0.0122062 0.00583744
4100 -0.0134504 0.00582765
4200 -0.0117015 0.00595005
4300 -0.0112257 0.00582948
4400 -0.0103976 0.00575533
4500 -0.00971865 0.0056668
4600 -0.00750203 0.00596907
4700 -0.00719029 0.00584901
4800 -0.00485904 0.00618224
4900 -0.00403941 0.00610998
5000 -0.00329435 0.00603272
5100 -0.00197561 0.00605852
5200 -0.00254898 0.00596847
5300 -0.00152427 0.00594377
5400 -0.00147066 0.00583291
5500 -0.00108946 0.00573855
5600 -0.000194436 0.00570578
5700 0.000793529 0.00569119
5800 0.00123727 0.00560978
5900 0.000488505 0.00556449
6000 -0.000780479 0.0056162
6100 -0.00102445 0.00552875
6200 -0.000764202 0.00544507
6300 -0.00035528 0.00537353
6400 -0.000133376 0.00529355
6500 -0.00208106 0.00556354
6600 -0.00212906 0.00547881
6700 -0.00256962 0.00541437
6800 -0.00212958 0.00535227
6900 -0.00230479 0.00527704
7000 -0.0023865 0.00520175
7100 -0.00228754 0.00512892
7200 -0.00159665 0.00510415
7300 -0.00194965 0.00504611
7400 -0.00122368 0.00503012
7500 -0.00127198 0.00496283
7600 -0.00180219 0.00492571
7700 -0.00275081 0.00495301
7800 -0.00346128 0.00494045
7900 -0.00509974 0.00514536
8000 -0.00534349 0.00508648
8100 -0.00541218 0.00502376
8200 -0.00571296 0.00497122
8300 -0.00629958 0.00494588
8400 -0.0058815 0.00490449
8500 -0.0062423 0.00485986
8600 -0.00639237 0.00480536
8700 -0.00647209 0.00475048
8800 -0.00598533 0.00472134
8900 -0.00647983 0.00469411
9000 -0.00636009 0.00464321
9100 -0.0051489 0.00474895
9200 -0.00534595 0.00470118
9300 -0.00497224 0.00466534
9400 -0.00549128 0.00464454
9500 -0.00597164 0.00462043
9600 -0.0052728 0.00462514
9700 -0.00533707 0.00457767
9800 -0.00564913 0.00454145
9900 -0.00554559 0.00449653
10000 -0.00528173 0.00445915
