0 0 0
1 1 0
2 1.42288 0.000434137
3 1.73217 0.000663127
4 1.9985 0.00071657
5 2.23011 0.000812628
6 2.43717 0.000928439
7 2.62713 0.0010054
8 2.81137 0.00102498
9 2.98818 0.00112392
10 3.15344 0.00128634
11 3.30633 0.00131501
12 3.45077 0.00142112
13 3.5945 0.00144025
14 3.71553 0.00149633
15 3.84442 0.00158276
16 3.96981 0.00165155
17 4.09035 0.00167804
18 4.21201 0.00187004
19 4.32273 0.00189873
20 4.43461 0.00195191
21 4.54671 0.00191005
22 4.66221 0.00199017
23 4.76153 0.00208649
24 4.85772 0.00214561
25 4.96216 0.00219965
26 5.05759 0.00222695
27 5.15833 0.00225252
28 5.25207 0.00228541
29 5.34683 0.00226262
30 5.43533 0.00225118
31 5.52858 0.00230047
32 5.61786 0.00228251
33 5.71391 0.00240883
34 5.79862 0.00247851
35 5.88716 0.00243629
36 5.97709 0.00250886
37 6.06726 0.00252653
38 6.15477 0.00242265
39 6.2358 0.00248923
40 6.31115 0.00254544
41 6.38833 0.00261718
42 6.45899 0.00265894
43 6.53939 0.00273589
44 6.60751 0.00283111
45 6.68263 0.00278899
46 6.76362 0.00277036
47 6.83665 0.00267916
48 6.9065 0.00277128
49 6.98362 0.00287443
50 7.05486 0.00287503
51 7.1181 0.00284152
52 7.20015 0.00286407
53 7.26421 0.00281715
54 7.32886 0.00280217
55 7.39712 0.00276279
56 7.47136 0.00277592
57 7.54506 0.00279209
58 7.60986 0.00281763
59 7.67943 0.0028035
60 7.73359 0.00278346
61 7.80655 0.00282292
62 7.87516 0.002804
63 7.93318 0.0028614
64 7.99575 0.00283567
65 8.06419 0.00276903
66 8.12117 0.00288206
67 8.17889 0.00292866
68 8.22714 0.00292803
69 8.27839 0.00295208
70 8.3462 0.00298553
71 8.41059 0.0028611
72 8.46298 0.00289965
73 8.5261 0.00298573
74 8.59699 0.00306571
75 8.64138 0.00303111
76 8.70174 0.00301308
77 8.75432 0.0029946
78 8.80837 0.00308087
79 8.86314 0.00323126
80 8.91918 0.00320097
81 8.9804 0.00318548
82 9.03812 0.00326134
83 9.09634 0.00328159
84 9.1504 0.00332878
85 9.19674 0.00336695
86 9.25364 0.00337015
87 9.30814 0.00338132
88 9.3663 0.00353282
89 9.41029 0.00363721
90 9.45373 0.00367922
91 9.50441 0.00360852
92 9.54356 0.00362995
93 9.59204 0.0036772
94 9.64015 0.0038326
95 9.6909 0.00385733
96 9.74952 0.00389739
97 9.80701 0.00394644
98 9.85146 0.00400068
99 9.90627 0.00394109
