0 0 0
1 1 0
2 1.42017 0.000393237
3 1.74272 0.000600587
4 2.00803 0.000675986
5 2.24483 0.000827156
6 2.4623 0.000944121
7 2.64907 0.00105758
8 2.83087 0.00106282
9 3.00552 0.00117448
10 3.1622 0.00118788
11 3.3222 0.00129663
12 3.46727 0.00139871
13 3.60505 0.00139652
14 3.73785 0.00137027
15 3.87414 0.00149485
16 3.98614 0.00154421
17 4.11163 0.0016014
18 4.23741 0.00163541
19 4.34972 0.00167517
20 4.46311 0.00176316
21 4.56095 0.0017492
22 4.67158 0.00174122
23 4.77459 0.00187568
24 4.86974 0.00198333
25 4.97468 0.00203188
26 5.08052 0.00210755
27 5.18502 0.00216976
28 5.27956 0.00212194
29 5.37151 0.00211131
30 5.46319 0.00226518
31 5.55532 0.00231901
32 5.64399 0.00223337
33 5.72255 0.00225413
34 5.8046 0.00232672
35 5.90196 0.00231989
36 5.99651 0.00241398
37 6.08788 0.00246385
38 6.16734 0.00249747
39 6.25383 0.00254574
40 6.33657 0.00263107
41 6.42303 0.00270529
42 6.501 0.00274057
43 6.5837 0.00280124
44 6.65926 0.00279727
45 6.73408 0.00289406
46 6.80569 0.00298753
47 6.88032 0.00295885
48 6.95238 0.0029576
49 7.02532 0.00296169
50 7.10244 0.00292694
51 7.17464 0.00294268
52 7.24897 0.00292967
53 7.31071 0.00297268
54 7.37624 0.0029858
55 7.43735 0.00301184
56 7.50898 0.00300743
57 7.58218 0.00305029
58 7.6455 0.00320926
59 7.71305 0.00313329
60 7.77593 0.003201
61 7.83283 0.0033119
62 7.88744 0.00330427
63 7.95638 0.00335596
64 8.01535 0.00334309
65 8.0799 0.00328623
66 8.15032 0.00331105
67 8.20259 0.00324225
68 8.25947 0.00330899
69 8.31827 0.00340832
70 8.38738 0.00352682
71 8.45674 0.00363925
72 8.526 0.00371287
73 8.5899 0.00368991
74 8.6465 0.0037595
75 8.70173 0.00374075
76 8.76473 0.0036889
77 8.81003 0.00375957
78 8.87152 0.00373872
79 8.92713 0.00384009
80 8.9821 0.00382616
81 9.04088 0.00386453
82 9.09792 0.00376349
83 9.15253 0.00374795
84 9.21916 0.00380565
85 9.27774 0.00387625
86 9.33855 0.00392628
87 9.38766 0.00391606
88 9.43781 0.00386549
89 9.49454 0.0038646
90 9.5461 0.00390161
91 9.59516 0.00390545
92 9.63937 0.00383018
93 9.70144 0.00383082
94 9.75463 0.00376122
95 9.81057 0.00382449
96 9.86349 0.00383865
97 9.909 0.00380015
98 9.95596 0.00375042
99 10.0088 0.00379366
