1.30102 0.562311
1.65449 0.797193
1.01079 0.826218
0.615505 0.145048
1.523 0.783554
0.418184 1.37039
1.74654 0.305272
0.0366204 1.57101
0.575354 0.687719
1.34141 1.45821
0.552669 1.00853
1.62658 0.88309
1.65189 0.95174
0.697063 0.235048
0.522389 0.516305
1.44528 0.916067
0.603789 1.08934
1.43743 1.14461
0.213744 1.44317
1.23602 0.101715
0.091392 0.422228
1.64878 0.867588
1.43909 1.17442
1.16517 0.173542
0.838669 1.35164
1.40741 1.76012
1.08884 0.607559
1.40943 0.411554
1.27612 0.387062
1.48908 1.07771
0.842384 0.421836
0.808899 0.0382374
1.14248 0.470183
0.156663 0.559308
