1 -0.439049 0
2 -0.440904 0.00131195
3 -0.446708 0.00481896
4 -0.443376 0.00462494
5 -0.44269 0.00375052
6 -0.444155 0.00339961
7 -0.443576 0.00296288
8 -0.44175 0.00310476
9 -0.441214 0.00280559
10 -0.442232 0.00270331
11 -0.44239 0.00246215
12 -0.442311 0.00225822
13 -0.442241 0.0020856
14 -0.442695 0.00198531
15 -0.44172 0.00207838
16 -0.441986 0.00196536
17 -0.44247 0.00190849
18 -0.44208 0.00184183
19 -0.441994 0.00174692
20 -0.442102 0.00166291
21 -0.442531 0.00163818
22 -0.442309 0.0015787
23 -0.442578 0.00153277
24 -0.442576 0.0014689
25 -0.443046 0.00148334
26 -0.442867 0.00143702
27 -0.443238 0.00143086
28 -0.443058 0.00139109
29 -0.442748 0.00137714
30 -0.442631 0.00133615
31 -0.443091 0.00136989
32 -0.443116 0.00132731
33 -0.442931 0.00129997
34 -0.442973 0.00126242
35 -0.442663 0.0012639
36 -0.442831 0.00123999
37 -0.442873 0.00120718
38 -0.443236 0.00122868
39 -0.443533 0.00123266
40 -0.443545 0.00120189
41 -0.443686 0.00118081
42 -0.443951 0.00118219
43 -0.444143 0.00117019
44 -0.443934 0.0011622
45 -0.444204 0.00116747
46 -0.443996 0.00116053
47 -0.444127 0.00114327
48 -0.444257 0.00112672
49 -0.444112 0.001113
50 -0.444144 0.00109119
51 -0.444109 0.00107034
52 -0.443808 0.00109143
53 -0.443862 0.00107219
54 -0.443745 0.00105875
55 -0.443616 0.0010473
56 -0.443398 0.00105099
57 -0.443399 0.00103255
58 -0.443318 0.00101793
59 -0.443456 0.00101007
60 -0.443545 0.00099711
61 -0.443633 0.000984629
62 -0.443363 0.00100506
63 -0.4435 0.000998395
64 -0.443417 0.000986221
65 -0.44343 0.000971128
66 -0.443472 0.000957322
67 -0.443691 0.000967845
68 -0.443912 0.000978451
69 -0.444013 0.000969526
70 -0.444092 0.000958863
71 -0.444094 0.000945359
72 -0.444348 0.000965859
73 -0.444475 0.000960966
74 -0.444618 0.000958576
75 -0.444723 0.000951513
76 -0.444469 0.000972283
77 -0.444173 0.00100369
78 -0.444119 0.000992273
79 -0.443996 0.000987365
80 -0.444069 0.000977722
81 -0.444069 0.000965651
82 -0.444106 0.000954573
83 -0.444115 0.000943117
84 -0.44417 0.00093349
85 -0.444066 0.000928383
86 -0.444113 0.000918812
87 -0.443987 0.000916931
88 -0.443965 0.000906759
89 -0.444017 0.000898043
90 -0.44394 0.000891374
91 -0.444052 0.000888648
92 -0.44396 0.000883759
93 -0.443869 0.000878887
94 -0.443861 0.000869578
95 -0.443864 0.00086043
96 -0.443828 0.000852213
97 -0.443784 0.00084455
98 -0.443714 0.000838868
99 -0.443778 0.000832856
100 -0.443782 0.000824538
