0 16.9323 0.571266 1.04713 1.98009 0.5099
1 17.2184 0.713915 1.0913 1.95058 0.5347
2 17.0631 0.511767 1.07513 1.97479 0.4958
3 18.9832 0.715061 1.10003 2.00325 0.501
4 18.6321 0.711025 1.10003 2.00325 0.5241
5 18.965 0.632824 1.08226 1.97908 0.498
6 19.9264 0.781191 1.08284 1.96811 0.5239
7 16.6553 0.51143 1.03339 1.97272 0.5246
8 16.606 0.592454 1.0062 1.98963 0.493
9 17.7721 0.689969 0.997703 2.00166 0.4696
10 17.6151 0.584138 1.00763 1.96106 0.4667
11 15.5897 0.544125 1.0209 1.96993 0.5275
12 17.9491 0.670413 1.06461 1.98642 0.5236
13 18.107 0.602909 1.06408 2.00285 0.4859
14 18.8393 0.650494 1.07434 1.96761 0.4719
15 17.979 0.739215 1.08985 1.95814 0.5173
16 17.2318 0.655238 1.04919 1.90981 0.5285
17 16.467 0.602833 1.05698 1.87422 0.5102
18 13.7852 0.458941 1.00876 1.87165 0.54
19 13.3024 0.397363 0.980466 1.91608 0.4385
20 13.8893 0.522944 0.976318 1.9515 0.5262
21 15.2059 0.545378 0.947258 1.98202 0.4567
22 15.6003 0.515908 0.949599 1.95994 0.5415
23 15.5714 0.527824 0.953367 1.92028 0.4871
24 14.4566 0.556804 0.912565 1.91261 0.4498
25 12.9773 0.392972 0.903637 1.90622 0.4435
26 12.6392 0.410454 0.933511 1.95038 0.4728
27 13.9028 0.45775 0.933511 1.95038 0.4338
28 15.1574 0.499927 0.933511 1.95038 0.5468
29 14.556 0.44841 0.92053 1.96795 0.5368
30 14.4318 0.420447 0.917035 2.01362 0.5295
31 16.4094 0.595082 0.885843 2.05694 0.5835
32 17.0851 0.480257 0.869479 2.10181 0.4469
33 16.609 0.467392 0.869479 2.10181 0.4905
34 16.7865 0.502529 0.893858 2.12066 0.4871
35 19.7639 0.547 0.891262 2.07253 0.5026
36 17.6017 0.553223 0.900665 2.06036 0.3903
37 17.8313 0.524141 0.900665 2.06036 0.4481
38 16.9816 0.439567 0.893594 2.04039 0.4485
39 16.9562 0.512121 0.863415 2.06707 0.5049
40 16.2647 0.420427 0.863415 2.06707 0.5581
41 16.8795 0.461043 0.862695 2.05251 0.4866
42 16.8221 0.455881 0.862695 2.05251 0.4898
43 16.264 0.452364 0.827745 2.07742 0.4905
44 16.3815 0.393525 0.827539 2.089 0.5437
45 16.4704 0.505482 0.79503 2.0806 0.5381
46 16.1526 0.426975 0.805473 2.04599 0.5248
47 14.7661 0.393688 0.769362 2.047 0.5312
48 14.9016 0.405531 0.769362 2.047 0.5121
49 14.3901 0.420426 0.769362 2.047 0.5101
50 14.6501 0.347987 0.811262 2.03071 0.5149
51 14.9783 0.506446 0.771612 1.99031 0.5272
52 12.8785 0.357323 0.756558 1.98591 0.5112
53 13.0004 0.36361 0.791333 1.95877 0.4446
54 12.6303 0.456307 0.744095 1.91282 0.4597
55 10.4859 0.395283 0.743713 1.926 0.4946
56 10.9795 0.302509 0.738614 1.92313 0.5165
57 10.2634 0.259078 0.697282 1.93812 0.4934
58 10.5036 0.31386 0.660797 1.89089 0.4751
59 8.83501 0.239224 0.630142 1.86055 0.4694
60 7.74373 0.203816 0.630142 1.86055 0.5095
61 8.02486 0.1955 0.627316 1.81374 0.439
62 6.66474 0.198619 0.586974 1.79013 0.5004
63 5.92131 0.165665 0.547013 1.77678 0.4933
64 5.75673 0.181311 0.520411 1.73581 0.5381
65 4.5521 0.113724 0.520411 1.73581 0.4484
66 4.48832 0.134617 0.474245 1.69852 0.5208
67 3.89424 0.0950536 0.474245 1.69852 0.4781
68 3.91545 0.0891762 0.474051 1.69721 0.4883
69 3.98523 0.100775 0.523682 1.67744 0.5476
70 3.74091 0.0807704 0.547098 1.67544 0.451
71 3.97088 0.107432 0.547098 1.67544 0.5269
72 3.78837 0.123759 0.547098 1.67544 0.4543
73 4.00542 0.120286 0.572152 1.66179 0.528
74 4.00258 0.124893 0.553424 1.63447 0.5449
75 3.34233 0.106596 0.552526 1.59832 0.5446
76 3.02049 0.0964996 0.564407 1.57672 0.4619
77 2.96358 0.0957594 0.564407 1.57672 0.5447
78 2.81661 0.0875032 0.519021 1.61925 0.5432
79 3.13045 0.0889957 0.494148 1.59526 0.5185
80 2.87341 0.070064 0.505851 1.61104 0.496
81 2.8706 0.082295 0.494108 1.61528 0.4995
82 3.06563 0.0907556 0.494108 1.61528 0.4907
83 2.92771 0.0797808 0.494108 1.61528 0.4907
84 2.8739 0.0858918 0.494108 1.61528 0.5611
85 3.12244 0.0938395 0.450425 1.58982 0.5654
86 2.78656 0.0765336 0.441075 1.60965 0.5389
87 2.72801 0.0660424 0.441075 1.60965 0.5226
88 2.79745 0.0570967 0.474999 1.56838 0.5351
89 2.39043 0.0618375 0.474999 1.56838 0.5542
90 2.41834 0.0614906 0.45999 1.57202 0.4789
91 2.39492 0.0602825 0.426359 1.52981 0.4652
92 2.03819 0.0545174 0.426359 1.52981 0.5051
93 2.10871 0.049218 0.426359 1.52981 0.5146
94 2.14221 0.0588756 0.426359 1.52981 0.5144
95 2.0931 0.0486851 0.426359 1.52981 0.5179
96 2.11715 0.0514903 0.396846 1.49341 0.4442
97 1.7982 0.0495805 0.394687 1.47178 0.4852
98 1.68331 0.0494293 0.394687 1.47178 0.5542
99 1.68722 0.0435392 0.394687 1.47178 0.5017
100 1.68922 0.0436924 0.366325 1.43479 0.5622
101 1.65846 0.0414384 0.356367 1.40926 0.4607
102 1.59375 0.0481001 0.356367 1.40926 0.5204
103 1.64427 0.0406414 0.356367 1.40926 0.5133
104 1.50058 0.0473327 0.356367 1.40926 0.5265
105 1.57129 0.0410779 0.356367 1.40926 0.5205
106 1.58287 0.0434014 0.382816 1.44116 0.5236
107 1.64824 0.0394462 0.425099 1.41276 0.5427
108 1.21372 0.0403528 0.447379 1.40504 0.508
109 1.17898 0.0450866 0.492315 1.38076 0.5317
110 0.928873 0.0530919 0.493039 1.34308 0.5711
111 0.839802 0.0329672 0.493039 1.34308 0.4873
112 0.807292 0.0377547 0.493039 1.34308 0.487
113 0.85327 0.0353121 0.493039 1.34308 0.5041
114 0.868996 0.0334932 0.502695 1.34353 0.4948
115 0.792232 0.0340112 0.502695 1.34353 0.5068
116 0.857493 0.0440955 0.488969 1.30781 0.5104
117 0.654951 0.0311836 0.442481 1.27544 0.4233
118 0.559394 0.0324801 0.442481 1.27544 0.5316
119 0.610319 0.0249495 0.419313 1.23253 0.5282
120 0.521888 0.0273798 0.465272 1.21415 0.5002
121 0.357648 0.0241321 0.479275 1.1712 0.5421
122 0.198866 0.0238316 0.477653 1.13568 0.4918
123 0.118242 0.0189891 0.477653 1.13568 0.4904
124 0.146433 0.0178995 0.491434 1.11506 0.4898
125 0.0779973 0.019272 0.491434 1.11506 0.5057
126 0.0626273 0.020471 0.510091 1.08499 0.5131
127 -0.0250034 0.0169785 0.510091 1.08499 0.5319
128 -0.0381446 0.0161016 0.510091 1.08499 0.4802
129 -0.0372322 0.0149828 0.510091 1.08499 0.4652
130 -0.0311858 0.0159291 0.518609 1.08725 0.4668
131 -0.0517542 0.0196492 0.518609 1.08725 0.5432
132 -0.0619215 0.0142402 0.56255 1.05548 0.4849
133 -0.174865 0.014696 0.56255 1.05548 0.4904
134 -0.160299 0.0168482 0.56255 1.05548 0.5011
135 -0.144805 0.0182336 0.56255 1.05548 0.5314
136 -0.148692 0.0147113 0.56255 1.05548 0.5021
137 -0.162754 0.013327 0.56255 1.05548 0.4905
138 -0.195608 0.0132681 0.56255 1.05548 0.4759
139 -0.140581 0.02015 0.56255 1.05548 0.5008
140 -0.147563 0.0139772 0.604967 1.02715 0.4904
141 -0.237298 0.0165459 0.610463 0.989461 0.5109
142 -0.263534 0.018569 0.635896 0.953685 0.5254
143 -0.338697 0.0165588 0.611475 0.911768 0.4956
144 -0.394866 0.0103305 0.620498 0.880631 0.5601
145 -0.409081 0.011323 0.620498 0.880631 0.4917
146 -0.422518 0.0104968 0.620498 0.880631 0.5679
147 -0.411988 0.0132472 0.620498 0.880631 0.5581
148 -0.414565 0.0151499 0.587076 0.873509 0.4835
149 -0.418455 0.00892604 0.587076 0.873509 0.5449
150 -0.421264 0.00987693 0.587076 0.873509 0.5402
151 -0.425179 0.00951001 0.587076 0.873509 0.5444
152 -0.432737 0.0108463 0.587076 0.873509 0.5423
153 -0.438585 0.00951482 0.587076 0.873509 0.4696
154 -0.422939 0.00874991 0.587076 0.873509 0.5492
155 -0.414912 0.00982559 0.587076 0.873509 0.4662
156 -0.42564 0.00952204 0.587076 0.873509 0.4747
157 -0.425674 0.00881445 0.587076 0.873509 0.4725
158 -0.416144 0.00923034 0.587076 0.873509 0.5356
159 -0.421341 0.00803929 0.587076 0.873509 0.539
160 -0.417918 0.00882291 0.587076 0.873509 0.4764
161 -0.422619 0.00803236 0.587076 0.873509 0.5391
162 -0.411682 0.00886151 0.557248 0.857258 0.5393
163 -0.366446 0.0120735 0.550653 0.824031 0.4467
164 -0.401004 0.0135642 0.550653 0.824031 0.5194
165 -0.403912 0.0134291 0.550653 0.824031 0.4442
166 -0.418518 0.011921 0.550653 0.824031 0.5194
167 -0.416427 0.0123987 0.550653 0.824031 0.5239
168 -0.393458 0.0132304 0.550653 0.824031 0.4433
169 -0.403289 0.0116103 0.550653 0.824031 0.5279
170 -0.402118 0.0125861 0.550653 0.824031 0.4447
171 -0.389052 0.0112666 0.550653 0.824031 0.5123
172 -0.398393 0.0123521 0.550653 0.824031 0.5151
173 -0.42089 0.0125861 0.598086 0.795003 0.5227
174 -0.438014 0.00843351 0.61483 0.757491 0.5446
175 -0.443132 0.0075389 0.61483 0.757491 0.4745
176 -0.443475 0.00755726 0.61483 0.757491 0.4758
177 -0.433946 0.00680593 0.61483 0.757491 0.5491
178 -0.433952 0.00604756 0.61483 0.757491 0.4697
179 -0.443336 0.00653906 0.61483 0.757491 0.5417
180 -0.444831 0.00652699 0.61483 0.757491 0.5438
181 -0.446661 0.00657115 0.61483 0.757491 0.5397
182 -0.441363 0.00715563 0.61483 0.757491 0.549
183 -0.440683 0.0119758 0.61483 0.757491 0.5453
184 -0.442432 0.00689255 0.61483 0.757491 0.4552
185 -0.442391 0.00687223 0.661607 0.776247 0.4639
186 -0.441212 0.00804764 0.661607 0.776247 0.5586
187 -0.431621 0.00920082 0.661607 0.776247 0.484
188 -0.422185 0.0104786 0.635884 0.781195 0.4739
189 -0.439956 0.00865102 0.619582 0.760178 0.4876
190 -0.437651 0.00730251 0.651906 0.767001 0.5515
191 -0.43533 0.00849585 0.651906 0.767001 0.4601
192 -0.441733 0.00584394 0.651906 0.767001 0.472
193 -0.434479 0.00701858 0.651906 0.767001 0.4745
194 -0.43854 0.00786448 0.651906 0.767001 0.4844
195 -0.43754 0.0107034 0.647891 0.776294 0.4718
196 -0.433717 0.0105568 0.647891 0.776294 0.4755
197 -0.421259 0.0123063 0.620629 0.786397 0.4886
198 -0.447725 0.00605256 0.620629 0.786397 0.5541
199 -0.441077 0.00625842 0.620629 0.786397 0.5581
